"","file","BIO","ACI","NDSI","name","site","datetime","time"
"1","20230627_000000.WAV",1.87834588082791,25.1989574205854,-0.888285649820018,"D:/AudioMoth_data/Week_starting_230703/J0/20230627/20230627_000000.WAV","J0",2023-06-27,NA
"2","20230627_001000.WAV",2.19908508866912,25.19085220025,-0.897284923536792,"D:/AudioMoth_data/Week_starting_230703/J0/20230627/20230627_001000.WAV","J0",2023-06-27 00:10:00,"00:10:00"
"3","20230627_002000.WAV",1.7442901161668,25.1482169326291,-0.869080519418707,"D:/AudioMoth_data/Week_starting_230703/J0/20230627/20230627_002000.WAV","J0",2023-06-27 00:20:00,"00:20:00"
"4","20230627_003000.WAV",1.70151166193594,25.276830821636,-0.889603338410076,"D:/AudioMoth_data/Week_starting_230703/J0/20230627/20230627_003000.WAV","J0",2023-06-27 00:30:00,"00:30:00"
"5","20230627_004000.WAV",2.33474859475141,25.2785892670301,-0.890843358056593,"D:/AudioMoth_data/Week_starting_230703/J0/20230627/20230627_004000.WAV","J0",2023-06-27 00:40:00,"00:40:00"
"6","20230627_005000.WAV",1.31519907555602,25.1853001632991,-0.751733972472087,"D:/AudioMoth_data/Week_starting_230703/J0/20230627/20230627_005000.WAV","J0",2023-06-27 00:50:00,"00:50:00"
"7","20230627_010000.WAV",1.88764832213829,25.2308589046804,-0.89451006001275,"D:/AudioMoth_data/Week_starting_230703/J0/20230627/20230627_010000.WAV","J0",2023-06-27 01:00:00,"01:00:00"
"8","20230627_011000.WAV",1.30439178448715,25.4081657620329,-0.887870872408299,"D:/AudioMoth_data/Week_starting_230703/J0/20230627/20230627_011000.WAV","J0",2023-06-27 01:10:00,"01:10:00"
"9","20230627_012000.WAV",1.89696735901207,25.2847280668104,-0.899711890988192,"D:/AudioMoth_data/Week_starting_230703/J0/20230627/20230627_012000.WAV","J0",2023-06-27 01:20:00,"01:20:00"
"10","20230627_013000.WAV",1.98926805723338,25.1979325627989,-0.873049871608058,"D:/AudioMoth_data/Week_starting_230703/J0/20230627/20230627_013000.WAV","J0",2023-06-27 01:30:00,"01:30:00"
"11","20230627_014000.WAV",1.55897569579016,25.2436892641802,-0.915366018958282,"D:/AudioMoth_data/Week_starting_230703/J0/20230627/20230627_014000.WAV","J0",2023-06-27 01:40:00,"01:40:00"
"12","20230627_015000.WAV",1.99423205802962,25.2593679099784,-0.884809270983084,"D:/AudioMoth_data/Week_starting_230703/J0/20230627/20230627_015000.WAV","J0",2023-06-27 01:50:00,"01:50:00"
"13","20230627_020000.WAV",1.78723066312913,25.1713707726321,-0.836404392917485,"D:/AudioMoth_data/Week_starting_230703/J0/20230627/20230627_020000.WAV","J0",2023-06-27 02:00:00,"02:00:00"
"14","20230627_021000.WAV",1.81423904761422,25.1110745629538,-0.862247920382789,"D:/AudioMoth_data/Week_starting_230703/J0/20230627/20230627_021000.WAV","J0",2023-06-27 02:10:00,"02:10:00"
"15","20230627_022000.WAV",2.40191859027484,25.1993160212376,-0.877469335614852,"D:/AudioMoth_data/Week_starting_230703/J0/20230627/20230627_022000.WAV","J0",2023-06-27 02:20:00,"02:20:00"
"16","20230627_023000.WAV",2.06941117836651,25.0961994859428,-0.632006519341762,"D:/AudioMoth_data/Week_starting_230703/J0/20230627/20230627_023000.WAV","J0",2023-06-27 02:30:00,"02:30:00"
"17","20230627_024000.WAV",2.09612655027322,25.0960861548305,-0.748378930525719,"D:/AudioMoth_data/Week_starting_230703/J0/20230627/20230627_024000.WAV","J0",2023-06-27 02:40:00,"02:40:00"
"18","20230627_025000.WAV",2.01476022276025,25.0522457367588,-0.843287038372289,"D:/AudioMoth_data/Week_starting_230703/J0/20230627/20230627_025000.WAV","J0",2023-06-27 02:50:00,"02:50:00"
"19","20230627_030000.WAV",2.58965861827612,25.2301372511449,-0.804514387686859,"D:/AudioMoth_data/Week_starting_230703/J0/20230627/20230627_030000.WAV","J0",2023-06-27 03:00:00,"03:00:00"
"20","20230627_031000.WAV",2.29898608442926,25.2380001286322,-0.871460689936526,"D:/AudioMoth_data/Week_starting_230703/J0/20230627/20230627_031000.WAV","J0",2023-06-27 03:10:00,"03:10:00"
"21","20230627_032000.WAV",2.43036488702037,25.0678455047132,-0.814770854853189,"D:/AudioMoth_data/Week_starting_230703/J0/20230627/20230627_032000.WAV","J0",2023-06-27 03:20:00,"03:20:00"
"22","20230627_033000.WAV",1.21279453786682,25.148331185515,-0.788109495781516,"D:/AudioMoth_data/Week_starting_230703/J0/20230627/20230627_033000.WAV","J0",2023-06-27 03:30:00,"03:30:00"
"23","20230627_034000.WAV",1.66885897055883,24.9866097234659,-0.800244494260767,"D:/AudioMoth_data/Week_starting_230703/J0/20230627/20230627_034000.WAV","J0",2023-06-27 03:40:00,"03:40:00"
"24","20230627_035000.WAV",1.83317166858086,25.4400636864978,-0.825236350647434,"D:/AudioMoth_data/Week_starting_230703/J0/20230627/20230627_035000.WAV","J0",2023-06-27 03:50:00,"03:50:00"
"25","20230627_040000.WAV",1.78957409305661,25.6090643420597,-0.780188026460582,"D:/AudioMoth_data/Week_starting_230703/J0/20230627/20230627_040000.WAV","J0",2023-06-27 04:00:00,"04:00:00"
"26","20230627_041000.WAV",1.73951328371715,25.3475391248453,-0.7310316954447,"D:/AudioMoth_data/Week_starting_230703/J0/20230627/20230627_041000.WAV","J0",2023-06-27 04:10:00,"04:10:00"
"27","20230627_042000.WAV",1.72431200441535,25.3247996104307,-0.778180895389184,"D:/AudioMoth_data/Week_starting_230703/J0/20230627/20230627_042000.WAV","J0",2023-06-27 04:20:00,"04:20:00"
"28","20230627_043000.WAV",1.75849948587471,25.3722496084575,-0.720558618711944,"D:/AudioMoth_data/Week_starting_230703/J0/20230627/20230627_043000.WAV","J0",2023-06-27 04:30:00,"04:30:00"
"29","20230627_044000.WAV",1.69084196510384,25.5322829264386,-0.757154009810074,"D:/AudioMoth_data/Week_starting_230703/J0/20230627/20230627_044000.WAV","J0",2023-06-27 04:40:00,"04:40:00"
"30","20230627_045000.WAV",1.7851554237535,25.6164138902973,-0.682889209309493,"D:/AudioMoth_data/Week_starting_230703/J0/20230627/20230627_045000.WAV","J0",2023-06-27 04:50:00,"04:50:00"
"31","20230627_050000.WAV",1.92767308234797,25.3462744345705,-0.781467782886923,"D:/AudioMoth_data/Week_starting_230703/J0/20230627/20230627_050000.WAV","J0",2023-06-27 05:00:00,"05:00:00"
"32","20230627_051000.WAV",1.94316448061474,25.2537422576696,-0.808285459956104,"D:/AudioMoth_data/Week_starting_230703/J0/20230627/20230627_051000.WAV","J0",2023-06-27 05:10:00,"05:10:00"
"33","20230627_052000.WAV",1.99173698000469,25.2932617253813,-0.814271348270679,"D:/AudioMoth_data/Week_starting_230703/J0/20230627/20230627_052000.WAV","J0",2023-06-27 05:20:00,"05:20:00"
"34","20230627_053000.WAV",2.00535873077575,25.1981568813387,-0.853434637830302,"D:/AudioMoth_data/Week_starting_230703/J0/20230627/20230627_053000.WAV","J0",2023-06-27 05:30:00,"05:30:00"
"35","20230627_054000.WAV",2.05045854368872,25.2990593651559,-0.837206682412921,"D:/AudioMoth_data/Week_starting_230703/J0/20230627/20230627_054000.WAV","J0",2023-06-27 05:40:00,"05:40:00"
"36","20230627_055000.WAV",2.03567760114287,25.1281803709384,-0.857889053654335,"D:/AudioMoth_data/Week_starting_230703/J0/20230627/20230627_055000.WAV","J0",2023-06-27 05:50:00,"05:50:00"
"37","20230627_060000.WAV",2.11331295507766,25.2501955612328,-0.851936026557905,"D:/AudioMoth_data/Week_starting_230703/J0/20230627/20230627_060000.WAV","J0",2023-06-27 06:00:00,"06:00:00"
"38","20230627_061000.WAV",1.88717383235954,25.1912412215731,-0.852507780070516,"D:/AudioMoth_data/Week_starting_230703/J0/20230627/20230627_061000.WAV","J0",2023-06-27 06:10:00,"06:10:00"
"39","20230627_062000.WAV",1.11224515061419,25.3543610486911,-0.74012743022364,"D:/AudioMoth_data/Week_starting_230703/J0/20230627/20230627_062000.WAV","J0",2023-06-27 06:20:00,"06:20:00"
"40","20230627_063000.WAV",0.699483771680903,25.2918416890334,-0.693804669104569,"D:/AudioMoth_data/Week_starting_230703/J0/20230627/20230627_063000.WAV","J0",2023-06-27 06:30:00,"06:30:00"
"41","20230627_064000.WAV",0.713712984344429,25.3897007959312,-0.602441493347234,"D:/AudioMoth_data/Week_starting_230703/J0/20230627/20230627_064000.WAV","J0",2023-06-27 06:40:00,"06:40:00"
"42","20230627_065000.WAV",2.22724589271611,25.4590167659372,-0.799188088250103,"D:/AudioMoth_data/Week_starting_230703/J0/20230627/20230627_065000.WAV","J0",2023-06-27 06:50:00,"06:50:00"
"43","20230627_070000.WAV",1.89211633623718,25.1513907093684,-0.83574542387622,"D:/AudioMoth_data/Week_starting_230703/J0/20230627/20230627_070000.WAV","J0",2023-06-27 07:00:00,"07:00:00"
"44","20230627_071000.WAV",1.86726579986006,25.2323465276323,-0.90181588384413,"D:/AudioMoth_data/Week_starting_230703/J0/20230627/20230627_071000.WAV","J0",2023-06-27 07:10:00,"07:10:00"
"45","20230627_072000.WAV",2.13978152650917,25.2798662038308,-0.896112992197445,"D:/AudioMoth_data/Week_starting_230703/J0/20230627/20230627_072000.WAV","J0",2023-06-27 07:20:00,"07:20:00"
"46","20230627_073000.WAV",0.865090656113296,25.2918679039539,-0.87730117082947,"D:/AudioMoth_data/Week_starting_230703/J0/20230627/20230627_073000.WAV","J0",2023-06-27 07:30:00,"07:30:00"
"47","20230627_074000.WAV",0.869121876810352,25.2349564461443,-0.857059213373326,"D:/AudioMoth_data/Week_starting_230703/J0/20230627/20230627_074000.WAV","J0",2023-06-27 07:40:00,"07:40:00"
"48","20230627_075000.WAV",1.00173060868193,25.1732512598975,-0.871886641342173,"D:/AudioMoth_data/Week_starting_230703/J0/20230627/20230627_075000.WAV","J0",2023-06-27 07:50:00,"07:50:00"
"49","20230627_080000.WAV",1.00823374830735,25.4389202551776,-0.86283541510224,"D:/AudioMoth_data/Week_starting_230703/J0/20230627/20230627_080000.WAV","J0",2023-06-27 08:00:00,"08:00:00"
"50","20230627_081000.WAV",0.931149273577822,25.2234453094457,-0.799603912608251,"D:/AudioMoth_data/Week_starting_230703/J0/20230627/20230627_081000.WAV","J0",2023-06-27 08:10:00,"08:10:00"
"51","20230627_082000.WAV",0.927761611856173,25.4314593797066,-0.717033570164237,"D:/AudioMoth_data/Week_starting_230703/J0/20230627/20230627_082000.WAV","J0",2023-06-27 08:20:00,"08:20:00"
"52","20230627_083000.WAV",2.79113080417146,25.1504803097452,-0.836640656333177,"D:/AudioMoth_data/Week_starting_230703/J0/20230627/20230627_083000.WAV","J0",2023-06-27 08:30:00,"08:30:00"
"53","20230627_084000.WAV",2.59034441271445,25.2242025945305,-0.836634065900186,"D:/AudioMoth_data/Week_starting_230703/J0/20230627/20230627_084000.WAV","J0",2023-06-27 08:40:00,"08:40:00"
"54","20230627_085000.WAV",2.51722701575922,25.1918053541083,-0.847038512158984,"D:/AudioMoth_data/Week_starting_230703/J0/20230627/20230627_085000.WAV","J0",2023-06-27 08:50:00,"08:50:00"
"55","20230627_090000.WAV",2.54690781422366,25.2232414215503,-0.880577778665609,"D:/AudioMoth_data/Week_starting_230703/J0/20230627/20230627_090000.WAV","J0",2023-06-27 09:00:00,"09:00:00"
"56","20230627_091000.WAV",2.60796446450377,25.2258580213546,-0.856013977917401,"D:/AudioMoth_data/Week_starting_230703/J0/20230627/20230627_091000.WAV","J0",2023-06-27 09:10:00,"09:10:00"
"57","20230627_092000.WAV",2.70795882569111,25.271118280045,-0.820851107852843,"D:/AudioMoth_data/Week_starting_230703/J0/20230627/20230627_092000.WAV","J0",2023-06-27 09:20:00,"09:20:00"
"58","20230627_093000.WAV",2.33217316871453,25.2772932151396,-0.821650616774441,"D:/AudioMoth_data/Week_starting_230703/J0/20230627/20230627_093000.WAV","J0",2023-06-27 09:30:00,"09:30:00"
"59","20230627_094000.WAV",2.53000981457657,25.4420072515973,-0.874430197883701,"D:/AudioMoth_data/Week_starting_230703/J0/20230627/20230627_094000.WAV","J0",2023-06-27 09:40:00,"09:40:00"
"60","20230627_095000.WAV",2.48585733332647,25.2689851578653,-0.879148278953248,"D:/AudioMoth_data/Week_starting_230703/J0/20230627/20230627_095000.WAV","J0",2023-06-27 09:50:00,"09:50:00"
"61","20230627_100000.WAV",2.42932223736375,25.3742045614218,-0.904574385941251,"D:/AudioMoth_data/Week_starting_230703/J0/20230627/20230627_100000.WAV","J0",2023-06-27 10:00:00,"10:00:00"
"62","20230627_101000.WAV",1.97686362571302,25.1437031303024,-0.917561617822279,"D:/AudioMoth_data/Week_starting_230703/J0/20230627/20230627_101000.WAV","J0",2023-06-27 10:10:00,"10:10:00"
"63","20230627_102000.WAV",1.91556625239073,25.2094861237023,-0.922831463067109,"D:/AudioMoth_data/Week_starting_230703/J0/20230627/20230627_102000.WAV","J0",2023-06-27 10:20:00,"10:20:00"
"64","20230627_103000.WAV",1.866194311105,25.1881838535617,-0.925893865494734,"D:/AudioMoth_data/Week_starting_230703/J0/20230627/20230627_103000.WAV","J0",2023-06-27 10:30:00,"10:30:00"
"65","20230627_104000.WAV",1.88031808282099,25.2341682122591,-0.90393251873455,"D:/AudioMoth_data/Week_starting_230703/J0/20230627/20230627_104000.WAV","J0",2023-06-27 10:40:00,"10:40:00"
"66","20230627_105000.WAV",1.89607305871083,25.2844026670071,-0.872723270970573,"D:/AudioMoth_data/Week_starting_230703/J0/20230627/20230627_105000.WAV","J0",2023-06-27 10:50:00,"10:50:00"
"67","20230627_110000.WAV",2.05072781820995,25.1723765354289,-0.898720775356946,"D:/AudioMoth_data/Week_starting_230703/J0/20230627/20230627_110000.WAV","J0",2023-06-27 11:00:00,"11:00:00"
"68","20230627_111000.WAV",2.00921480048838,25.2010524907498,-0.907804378505449,"D:/AudioMoth_data/Week_starting_230703/J0/20230627/20230627_111000.WAV","J0",2023-06-27 11:10:00,"11:10:00"
"69","20230627_112000.WAV",2.07411157095951,25.3316051390061,-0.864829580460932,"D:/AudioMoth_data/Week_starting_230703/J0/20230627/20230627_112000.WAV","J0",2023-06-27 11:20:00,"11:20:00"
"70","20230627_113000.WAV",2.27123299015156,25.3934197074419,-0.835558081155842,"D:/AudioMoth_data/Week_starting_230703/J0/20230627/20230627_113000.WAV","J0",2023-06-27 11:30:00,"11:30:00"
"71","20230627_114000.WAV",2.3803526995107,25.3610375700924,-0.865431025983495,"D:/AudioMoth_data/Week_starting_230703/J0/20230627/20230627_114000.WAV","J0",2023-06-27 11:40:00,"11:40:00"
"72","20230627_115000.WAV",2.4858854009569,25.2717179477362,-0.88192835398721,"D:/AudioMoth_data/Week_starting_230703/J0/20230627/20230627_115000.WAV","J0",2023-06-27 11:50:00,"11:50:00"
"73","20230627_120000.WAV",2.60768138423925,25.602831124384,-0.830215199693114,"D:/AudioMoth_data/Week_starting_230703/J0/20230627/20230627_120000.WAV","J0",2023-06-27 12:00:00,"12:00:00"
"74","20230627_121000.WAV",2.28289453083743,25.3451201599167,-0.834335055222063,"D:/AudioMoth_data/Week_starting_230703/J0/20230627/20230627_121000.WAV","J0",2023-06-27 12:10:00,"12:10:00"
"75","20230627_122000.WAV",2.4321763171666,25.2540030889247,-0.869291710192977,"D:/AudioMoth_data/Week_starting_230703/J0/20230627/20230627_122000.WAV","J0",2023-06-27 12:20:00,"12:20:00"
"76","20230627_123000.WAV",2.56768005767345,25.5019360948784,-0.78552894949435,"D:/AudioMoth_data/Week_starting_230703/J0/20230627/20230627_123000.WAV","J0",2023-06-27 12:30:00,"12:30:00"
"77","20230627_124000.WAV",2.65373559495797,25.2839459362255,-0.799566544111235,"D:/AudioMoth_data/Week_starting_230703/J0/20230627/20230627_124000.WAV","J0",2023-06-27 12:40:00,"12:40:00"
"78","20230627_125000.WAV",2.58067394313501,25.2422975761149,-0.891245531882544,"D:/AudioMoth_data/Week_starting_230703/J0/20230627/20230627_125000.WAV","J0",2023-06-27 12:50:00,"12:50:00"
"79","20230627_130000.WAV",2.62914270920478,25.4607620795242,-0.750091065625449,"D:/AudioMoth_data/Week_starting_230703/J0/20230627/20230627_130000.WAV","J0",2023-06-27 13:00:00,"13:00:00"
"80","20230627_131000.WAV",2.64361618854317,25.2416324615999,-0.850884446537879,"D:/AudioMoth_data/Week_starting_230703/J0/20230627/20230627_131000.WAV","J0",2023-06-27 13:10:00,"13:10:00"
"81","20230627_132000.WAV",2.61804909543186,25.6737982701863,-0.840494026450982,"D:/AudioMoth_data/Week_starting_230703/J0/20230627/20230627_132000.WAV","J0",2023-06-27 13:20:00,"13:20:00"
"82","20230627_133000.WAV",2.6254265991757,25.2925683011368,-0.817259073990723,"D:/AudioMoth_data/Week_starting_230703/J0/20230627/20230627_133000.WAV","J0",2023-06-27 13:30:00,"13:30:00"
"83","20230627_134000.WAV",2.61266845009985,25.5664915947041,-0.742891436375868,"D:/AudioMoth_data/Week_starting_230703/J0/20230627/20230627_134000.WAV","J0",2023-06-27 13:40:00,"13:40:00"
"84","20230627_135000.WAV",2.48981400025747,25.6942168031862,-0.759551581295784,"D:/AudioMoth_data/Week_starting_230703/J0/20230627/20230627_135000.WAV","J0",2023-06-27 13:50:00,"13:50:00"
"85","20230627_140000.WAV",2.51097221473544,25.5659019336683,-0.771500866879059,"D:/AudioMoth_data/Week_starting_230703/J0/20230627/20230627_140000.WAV","J0",2023-06-27 14:00:00,"14:00:00"
"86","20230627_141000.WAV",2.6675261231239,25.5108250064342,-0.807375285322474,"D:/AudioMoth_data/Week_starting_230703/J0/20230627/20230627_141000.WAV","J0",2023-06-27 14:10:00,"14:10:00"
"87","20230627_142000.WAV",1.53062643550026,26.4853502910866,-0.866329919787537,"D:/AudioMoth_data/Week_starting_230703/J0/20230627/20230627_142000.WAV","J0",2023-06-27 14:20:00,"14:20:00"
"88","20230627_143000.WAV",2.39165095445811,25.9442173507992,-0.764357902823744,"D:/AudioMoth_data/Week_starting_230703/J0/20230627/20230627_143000.WAV","J0",2023-06-27 14:30:00,"14:30:00"
"89","20230627_144000.WAV",2.6669461562249,25.5243786397928,-0.805641102299384,"D:/AudioMoth_data/Week_starting_230703/J0/20230627/20230627_144000.WAV","J0",2023-06-27 14:40:00,"14:40:00"
"90","20230627_145000.WAV",2.5106896857523,25.6651325811666,-0.738911387221115,"D:/AudioMoth_data/Week_starting_230703/J0/20230627/20230627_145000.WAV","J0",2023-06-27 14:50:00,"14:50:00"
"91","20230627_150000.WAV",2.51552963398549,25.7652004442859,-0.782896077282307,"D:/AudioMoth_data/Week_starting_230703/J0/20230627/20230627_150000.WAV","J0",2023-06-27 15:00:00,"15:00:00"
"92","20230627_151000.WAV",2.54802560991935,25.3370718664326,-0.893640914240644,"D:/AudioMoth_data/Week_starting_230703/J0/20230627/20230627_151000.WAV","J0",2023-06-27 15:10:00,"15:10:00"
"93","20230627_152000.WAV",2.59287510130795,25.433321366985,-0.883458745300299,"D:/AudioMoth_data/Week_starting_230703/J0/20230627/20230627_152000.WAV","J0",2023-06-27 15:20:00,"15:20:00"
"94","20230627_153000.WAV",2.40633980709175,25.5249915890727,-0.873002477088581,"D:/AudioMoth_data/Week_starting_230703/J0/20230627/20230627_153000.WAV","J0",2023-06-27 15:30:00,"15:30:00"
"95","20230627_154000.WAV",2.57807875887129,25.4240467365613,-0.906394851845941,"D:/AudioMoth_data/Week_starting_230703/J0/20230627/20230627_154000.WAV","J0",2023-06-27 15:40:00,"15:40:00"
"96","20230627_155000.WAV",2.56470799307372,25.3776797713318,-0.916808914060485,"D:/AudioMoth_data/Week_starting_230703/J0/20230627/20230627_155000.WAV","J0",2023-06-27 15:50:00,"15:50:00"
"97","20230627_160000.WAV",2.52498252378833,25.3785518185156,-0.895379214082355,"D:/AudioMoth_data/Week_starting_230703/J0/20230627/20230627_160000.WAV","J0",2023-06-27 16:00:00,"16:00:00"
"98","20230627_161000.WAV",2.5645399196989,25.2886777887853,-0.932557279619959,"D:/AudioMoth_data/Week_starting_230703/J0/20230627/20230627_161000.WAV","J0",2023-06-27 16:10:00,"16:10:00"
"99","20230627_162000.WAV",2.60438473176665,25.4322716974131,-0.871764357726565,"D:/AudioMoth_data/Week_starting_230703/J0/20230627/20230627_162000.WAV","J0",2023-06-27 16:20:00,"16:20:00"
"100","20230627_163000.WAV",2.44213590769203,25.2791052006899,-0.87574731334837,"D:/AudioMoth_data/Week_starting_230703/J0/20230627/20230627_163000.WAV","J0",2023-06-27 16:30:00,"16:30:00"
"101","20230627_164000.WAV",2.17046807262474,25.5619079067006,-0.910004761746645,"D:/AudioMoth_data/Week_starting_230703/J0/20230627/20230627_164000.WAV","J0",2023-06-27 16:40:00,"16:40:00"
"102","20230627_165000.WAV",2.51436244017943,25.3924965505699,-0.905072261802831,"D:/AudioMoth_data/Week_starting_230703/J0/20230627/20230627_165000.WAV","J0",2023-06-27 16:50:00,"16:50:00"
"103","20230627_170000.WAV",2.35007994066379,25.5641787752595,-0.928844435469525,"D:/AudioMoth_data/Week_starting_230703/J0/20230627/20230627_170000.WAV","J0",2023-06-27 17:00:00,"17:00:00"
"104","20230627_171000.WAV",2.19091432415034,25.5585841568804,-0.933061894622994,"D:/AudioMoth_data/Week_starting_230703/J0/20230627/20230627_171000.WAV","J0",2023-06-27 17:10:00,"17:10:00"
"105","20230627_172000.WAV",2.28346638096793,25.3099108833793,-0.943565307849998,"D:/AudioMoth_data/Week_starting_230703/J0/20230627/20230627_172000.WAV","J0",2023-06-27 17:20:00,"17:20:00"
"106","20230627_173000.WAV",2.21347938071347,25.5707964665039,-0.928750480921025,"D:/AudioMoth_data/Week_starting_230703/J0/20230627/20230627_173000.WAV","J0",2023-06-27 17:30:00,"17:30:00"
"107","20230627_174000.WAV",2.40115427119661,25.4875402774084,-0.933800789285628,"D:/AudioMoth_data/Week_starting_230703/J0/20230627/20230627_174000.WAV","J0",2023-06-27 17:40:00,"17:40:00"
"108","20230627_175000.WAV",2.29890793306845,25.45933839609,-0.925280231292088,"D:/AudioMoth_data/Week_starting_230703/J0/20230627/20230627_175000.WAV","J0",2023-06-27 17:50:00,"17:50:00"
"109","20230627_180000.WAV",2.12378920522985,25.4916941925728,-0.938177306516718,"D:/AudioMoth_data/Week_starting_230703/J0/20230627/20230627_180000.WAV","J0",2023-06-27 18:00:00,"18:00:00"
"110","20230627_181000.WAV",1.79925270576451,25.6990374930886,-0.928717649869011,"D:/AudioMoth_data/Week_starting_230703/J0/20230627/20230627_181000.WAV","J0",2023-06-27 18:10:00,"18:10:00"
"111","20230627_182000.WAV",1.70981363426937,25.9263846809598,-0.93817600476423,"D:/AudioMoth_data/Week_starting_230703/J0/20230627/20230627_182000.WAV","J0",2023-06-27 18:20:00,"18:20:00"
"112","20230627_183000.WAV",1.77561453057982,25.5840983573502,-0.932239050753824,"D:/AudioMoth_data/Week_starting_230703/J0/20230627/20230627_183000.WAV","J0",2023-06-27 18:30:00,"18:30:00"
"113","20230627_184000.WAV",1.64331770247432,25.9002739659873,-0.926974722016493,"D:/AudioMoth_data/Week_starting_230703/J0/20230627/20230627_184000.WAV","J0",2023-06-27 18:40:00,"18:40:00"
"114","20230627_185000.WAV",1.60409195295842,25.9138346223651,-0.912658404936873,"D:/AudioMoth_data/Week_starting_230703/J0/20230627/20230627_185000.WAV","J0",2023-06-27 18:50:00,"18:50:00"
"115","20230627_190000.WAV",1.37350913008291,25.7371450181251,-0.896999643599135,"D:/AudioMoth_data/Week_starting_230703/J0/20230627/20230627_190000.WAV","J0",2023-06-27 19:00:00,"19:00:00"
"116","20230627_191000.WAV",1.4927361306399,26.0442585815566,-0.88065415710883,"D:/AudioMoth_data/Week_starting_230703/J0/20230627/20230627_191000.WAV","J0",2023-06-27 19:10:00,"19:10:00"
"117","20230627_192000.WAV",1.75119725278961,26.0443188695364,-0.856674834908912,"D:/AudioMoth_data/Week_starting_230703/J0/20230627/20230627_192000.WAV","J0",2023-06-27 19:20:00,"19:20:00"
"118","20230627_193000.WAV",1.75499668334875,25.9165677497958,-0.882401975489373,"D:/AudioMoth_data/Week_starting_230703/J0/20230627/20230627_193000.WAV","J0",2023-06-27 19:30:00,"19:30:00"
"119","20230627_194000.WAV",1.4240326678933,25.6028487774522,-0.874786698983369,"D:/AudioMoth_data/Week_starting_230703/J0/20230627/20230627_194000.WAV","J0",2023-06-27 19:40:00,"19:40:00"
"120","20230627_195000.WAV",1.18180847912394,25.2235652278493,-0.871020983501291,"D:/AudioMoth_data/Week_starting_230703/J0/20230627/20230627_195000.WAV","J0",2023-06-27 19:50:00,"19:50:00"
"121","20230627_200000.WAV",1.19753131460714,25.2980109611572,-0.840233699981895,"D:/AudioMoth_data/Week_starting_230703/J0/20230627/20230627_200000.WAV","J0",2023-06-27 20:00:00,"20:00:00"
"122","20230627_201000.WAV",1.33104439635622,25.1989806299195,-0.884515983756782,"D:/AudioMoth_data/Week_starting_230703/J0/20230627/20230627_201000.WAV","J0",2023-06-27 20:10:00,"20:10:00"
"123","20230627_202000.WAV",1.0581953453644,25.1935098883597,-0.858232678564225,"D:/AudioMoth_data/Week_starting_230703/J0/20230627/20230627_202000.WAV","J0",2023-06-27 20:20:00,"20:20:00"
"124","20230627_203000.WAV",1.19928154825105,25.2307889073896,-0.843391987501923,"D:/AudioMoth_data/Week_starting_230703/J0/20230627/20230627_203000.WAV","J0",2023-06-27 20:30:00,"20:30:00"
"125","20230627_204000.WAV",1.127970918612,25.2529160956335,-0.86786046842721,"D:/AudioMoth_data/Week_starting_230703/J0/20230627/20230627_204000.WAV","J0",2023-06-27 20:40:00,"20:40:00"
"126","20230627_205000.WAV",1.19310651161146,25.2056118511696,-0.877366156576415,"D:/AudioMoth_data/Week_starting_230703/J0/20230627/20230627_205000.WAV","J0",2023-06-27 20:50:00,"20:50:00"
"127","20230627_210000.WAV",1.0115754102681,25.1951325435465,-0.860395659146246,"D:/AudioMoth_data/Week_starting_230703/J0/20230627/20230627_210000.WAV","J0",2023-06-27 21:00:00,"21:00:00"
"128","20230627_211000.WAV",1.12097508346415,25.1848745989924,-0.871244518589661,"D:/AudioMoth_data/Week_starting_230703/J0/20230627/20230627_211000.WAV","J0",2023-06-27 21:10:00,"21:10:00"
"129","20230627_212000.WAV",1.00673439491744,25.3895850779842,-0.842251539781976,"D:/AudioMoth_data/Week_starting_230703/J0/20230627/20230627_212000.WAV","J0",2023-06-27 21:20:00,"21:20:00"
"130","20230627_213000.WAV",0.639262543899942,25.2157746724347,-0.732446344694726,"D:/AudioMoth_data/Week_starting_230703/J0/20230627/20230627_213000.WAV","J0",2023-06-27 21:30:00,"21:30:00"
"131","20230627_214000.WAV",1.14466887749348,25.0435623511857,-0.713640722968905,"D:/AudioMoth_data/Week_starting_230703/J0/20230627/20230627_214000.WAV","J0",2023-06-27 21:40:00,"21:40:00"
"132","20230627_215000.WAV",0.77289270794821,25.1754489626364,-0.785059761353995,"D:/AudioMoth_data/Week_starting_230703/J0/20230627/20230627_215000.WAV","J0",2023-06-27 21:50:00,"21:50:00"
"133","20230627_220000.WAV",0.746146109228806,25.189578606751,-0.797678627067235,"D:/AudioMoth_data/Week_starting_230703/J0/20230627/20230627_220000.WAV","J0",2023-06-27 22:00:00,"22:00:00"
"134","20230627_221000.WAV",0.917175776267749,25.1211945253944,-0.833741465488331,"D:/AudioMoth_data/Week_starting_230703/J0/20230627/20230627_221000.WAV","J0",2023-06-27 22:10:00,"22:10:00"
"135","20230627_222000.WAV",0.931546107023791,25.2502688222533,-0.856135707134953,"D:/AudioMoth_data/Week_starting_230703/J0/20230627/20230627_222000.WAV","J0",2023-06-27 22:20:00,"22:20:00"
"136","20230627_223000.WAV",0.758818932671885,25.1671386198698,-0.811604764055289,"D:/AudioMoth_data/Week_starting_230703/J0/20230627/20230627_223000.WAV","J0",2023-06-27 22:30:00,"22:30:00"
"137","20230627_224000.WAV",0.959306834347721,25.1870758253898,-0.817199022967487,"D:/AudioMoth_data/Week_starting_230703/J0/20230627/20230627_224000.WAV","J0",2023-06-27 22:40:00,"22:40:00"
"138","20230627_225000.WAV",0.796312738017326,25.1922619455447,-0.843117794994949,"D:/AudioMoth_data/Week_starting_230703/J0/20230627/20230627_225000.WAV","J0",2023-06-27 22:50:00,"22:50:00"
"139","20230627_230000.WAV",0.842368516359103,25.1810479443624,-0.789716596265992,"D:/AudioMoth_data/Week_starting_230703/J0/20230627/20230627_230000.WAV","J0",2023-06-27 23:00:00,"23:00:00"
"140","20230627_231000.WAV",0.890849540086122,25.2189821000341,-0.717516637172319,"D:/AudioMoth_data/Week_starting_230703/J0/20230627/20230627_231000.WAV","J0",2023-06-27 23:10:00,"23:10:00"
"141","20230627_232000.WAV",0.69803721127527,25.1750936558231,-0.795422446288312,"D:/AudioMoth_data/Week_starting_230703/J0/20230627/20230627_232000.WAV","J0",2023-06-27 23:20:00,"23:20:00"
"142","20230627_233000.WAV",0.578814306399737,25.1990323654199,-0.727049613392908,"D:/AudioMoth_data/Week_starting_230703/J0/20230627/20230627_233000.WAV","J0",2023-06-27 23:30:00,"23:30:00"
"143","20230627_234000.WAV",0.634693159348972,25.2192381692446,-0.799681433808167,"D:/AudioMoth_data/Week_starting_230703/J0/20230627/20230627_234000.WAV","J0",2023-06-27 23:40:00,"23:40:00"
"144","20230627_235000.WAV",0.497238860313607,25.213849522808,-0.623362150967164,"D:/AudioMoth_data/Week_starting_230703/J0/20230627/20230627_235000.WAV","J0",2023-06-27 23:50:00,"23:50:00"
"145","20230627_000000.WAV",0.580807288560892,25.2003111241774,-0.0301876799550276,"D:/AudioMoth_data/Week_starting_230703/J1/20230627/20230627_000000.WAV","J1",2023-06-27,NA
"146","20230627_001000.WAV",0.614657817572222,25.5440321665549,-0.0178872484933827,"D:/AudioMoth_data/Week_starting_230703/J1/20230627/20230627_001000.WAV","J1",2023-06-27 00:10:00,"00:10:00"
"147","20230627_002000.WAV",0.372721663012646,25.2676696008984,0.303290564471798,"D:/AudioMoth_data/Week_starting_230703/J1/20230627/20230627_002000.WAV","J1",2023-06-27 00:20:00,"00:20:00"
"148","20230627_003000.WAV",0.384931538794937,25.2431806305228,0.310679597404256,"D:/AudioMoth_data/Week_starting_230703/J1/20230627/20230627_003000.WAV","J1",2023-06-27 00:30:00,"00:30:00"
"149","20230627_004000.WAV",0.550130638722659,25.227222088392,-0.101815991303245,"D:/AudioMoth_data/Week_starting_230703/J1/20230627/20230627_004000.WAV","J1",2023-06-27 00:40:00,"00:40:00"
"150","20230627_005000.WAV",0.387878458109765,25.289713547443,0.352148747240284,"D:/AudioMoth_data/Week_starting_230703/J1/20230627/20230627_005000.WAV","J1",2023-06-27 00:50:00,"00:50:00"
"151","20230627_010000.WAV",0.641865065125519,24.9978858629448,0.474135747702809,"D:/AudioMoth_data/Week_starting_230703/J1/20230627/20230627_010000.WAV","J1",2023-06-27 01:00:00,"01:00:00"
"152","20230627_011000.WAV",0.385399303521089,25.2452841059917,0.292151610450527,"D:/AudioMoth_data/Week_starting_230703/J1/20230627/20230627_011000.WAV","J1",2023-06-27 01:10:00,"01:10:00"
"153","20230627_012000.WAV",0.427244411725187,25.2206256175002,0.12213784471649,"D:/AudioMoth_data/Week_starting_230703/J1/20230627/20230627_012000.WAV","J1",2023-06-27 01:20:00,"01:20:00"
"154","20230627_013000.WAV",0.362293244856706,25.2792275732402,0.245183542473281,"D:/AudioMoth_data/Week_starting_230703/J1/20230627/20230627_013000.WAV","J1",2023-06-27 01:30:00,"01:30:00"
"155","20230627_014000.WAV",0.363702073027966,25.3140769279747,-0.389728065606812,"D:/AudioMoth_data/Week_starting_230703/J1/20230627/20230627_014000.WAV","J1",2023-06-27 01:40:00,"01:40:00"
"156","20230627_015000.WAV",0.492694116924376,25.1766384876007,-0.692330273222415,"D:/AudioMoth_data/Week_starting_230703/J1/20230627/20230627_015000.WAV","J1",2023-06-27 01:50:00,"01:50:00"
"157","20230627_020000.WAV",0.712731670429979,25.2049331694645,-0.580179458518581,"D:/AudioMoth_data/Week_starting_230703/J1/20230627/20230627_020000.WAV","J1",2023-06-27 02:00:00,"02:00:00"
"158","20230627_021000.WAV",1.26053481948695,24.9576905286259,0.369587280627012,"D:/AudioMoth_data/Week_starting_230703/J1/20230627/20230627_021000.WAV","J1",2023-06-27 02:10:00,"02:10:00"
"159","20230627_022000.WAV",2.32544243772741,24.7989989015009,0.539033143883341,"D:/AudioMoth_data/Week_starting_230703/J1/20230627/20230627_022000.WAV","J1",2023-06-27 02:20:00,"02:20:00"
"160","20230627_023000.WAV",1.61081331105272,24.6886981079837,0.775440736963499,"D:/AudioMoth_data/Week_starting_230703/J1/20230627/20230627_023000.WAV","J1",2023-06-27 02:30:00,"02:30:00"
"161","20230627_024000.WAV",2.95257355715987,24.8340243732202,0.875446764319445,"D:/AudioMoth_data/Week_starting_230703/J1/20230627/20230627_024000.WAV","J1",2023-06-27 02:40:00,"02:40:00"
"162","20230627_025000.WAV",2.20420392663527,24.7051539151813,0.700523227621041,"D:/AudioMoth_data/Week_starting_230703/J1/20230627/20230627_025000.WAV","J1",2023-06-27 02:50:00,"02:50:00"
"163","20230627_030000.WAV",1.917804752839,24.816906845081,0.48596906485413,"D:/AudioMoth_data/Week_starting_230703/J1/20230627/20230627_030000.WAV","J1",2023-06-27 03:00:00,"03:00:00"
"164","20230627_031000.WAV",1.82956044726426,24.4939294384576,0.370602876249327,"D:/AudioMoth_data/Week_starting_230703/J1/20230627/20230627_031000.WAV","J1",2023-06-27 03:10:00,"03:10:00"
"165","20230627_032000.WAV",2.15064441102118,24.5950471110636,0.615597946018324,"D:/AudioMoth_data/Week_starting_230703/J1/20230627/20230627_032000.WAV","J1",2023-06-27 03:20:00,"03:20:00"
"166","20230627_033000.WAV",1.37189726157082,24.8800283962555,0.405438308069198,"D:/AudioMoth_data/Week_starting_230703/J1/20230627/20230627_033000.WAV","J1",2023-06-27 03:30:00,"03:30:00"
"167","20230627_034000.WAV",1.37748556482367,24.8525406993794,0.253293223006331,"D:/AudioMoth_data/Week_starting_230703/J1/20230627/20230627_034000.WAV","J1",2023-06-27 03:40:00,"03:40:00"
"168","20230627_035000.WAV",0.962386135132366,25.3817861928368,0.600583302150119,"D:/AudioMoth_data/Week_starting_230703/J1/20230627/20230627_035000.WAV","J1",2023-06-27 03:50:00,"03:50:00"
"169","20230627_040000.WAV",1.07719047499289,25.5957611534136,0.474350174545635,"D:/AudioMoth_data/Week_starting_230703/J1/20230627/20230627_040000.WAV","J1",2023-06-27 04:00:00,"04:00:00"
"170","20230627_041000.WAV",1.81553458887096,25.5304830931616,0.825104178521092,"D:/AudioMoth_data/Week_starting_230703/J1/20230627/20230627_041000.WAV","J1",2023-06-27 04:10:00,"04:10:00"
"171","20230627_042000.WAV",1.15889871329572,25.7027015455304,0.485458647000515,"D:/AudioMoth_data/Week_starting_230703/J1/20230627/20230627_042000.WAV","J1",2023-06-27 04:20:00,"04:20:00"
"172","20230627_043000.WAV",0.950772779047706,25.8487334976538,0.299561540968238,"D:/AudioMoth_data/Week_starting_230703/J1/20230627/20230627_043000.WAV","J1",2023-06-27 04:30:00,"04:30:00"
"173","20230627_044000.WAV",1.4497123844535,26.2133628986227,0.797556739882892,"D:/AudioMoth_data/Week_starting_230703/J1/20230627/20230627_044000.WAV","J1",2023-06-27 04:40:00,"04:40:00"
"174","20230627_045000.WAV",0.354009334324121,26.295972424772,0.13962381501579,"D:/AudioMoth_data/Week_starting_230703/J1/20230627/20230627_045000.WAV","J1",2023-06-27 04:50:00,"04:50:00"
"175","20230627_050000.WAV",1.17925250939431,26.8495370666273,0.165660937691004,"D:/AudioMoth_data/Week_starting_230703/J1/20230627/20230627_050000.WAV","J1",2023-06-27 05:00:00,"05:00:00"
"176","20230627_051000.WAV",1.33259278079418,26.1019149244612,-0.099780084643223,"D:/AudioMoth_data/Week_starting_230703/J1/20230627/20230627_051000.WAV","J1",2023-06-27 05:10:00,"05:10:00"
"177","20230627_052000.WAV",1.49475044153366,25.9953313008948,0.241855216589551,"D:/AudioMoth_data/Week_starting_230703/J1/20230627/20230627_052000.WAV","J1",2023-06-27 05:20:00,"05:20:00"
"178","20230627_053000.WAV",1.67273034346661,26.1998421584932,0.357288980360577,"D:/AudioMoth_data/Week_starting_230703/J1/20230627/20230627_053000.WAV","J1",2023-06-27 05:30:00,"05:30:00"
"179","20230627_054000.WAV",0.909811859501496,26.1804271127494,-0.112451911745801,"D:/AudioMoth_data/Week_starting_230703/J1/20230627/20230627_054000.WAV","J1",2023-06-27 05:40:00,"05:40:00"
"180","20230627_055000.WAV",1.39534503717711,25.7265695717132,-0.492846868974511,"D:/AudioMoth_data/Week_starting_230703/J1/20230627/20230627_055000.WAV","J1",2023-06-27 05:50:00,"05:50:00"
"181","20230627_060000.WAV",1.37327510520812,26.1149363065236,-0.188646197367432,"D:/AudioMoth_data/Week_starting_230703/J1/20230627/20230627_060000.WAV","J1",2023-06-27 06:00:00,"06:00:00"
"182","20230627_061000.WAV",1.67649878469799,26.1105121605305,0.0944097964887455,"D:/AudioMoth_data/Week_starting_230703/J1/20230627/20230627_061000.WAV","J1",2023-06-27 06:10:00,"06:10:00"
"183","20230627_062000.WAV",0.559832308461498,26.308968588796,0.120085258099621,"D:/AudioMoth_data/Week_starting_230703/J1/20230627/20230627_062000.WAV","J1",2023-06-27 06:20:00,"06:20:00"
"184","20230627_063000.WAV",0.379697933938882,26.601277531392,0.167549295996351,"D:/AudioMoth_data/Week_starting_230703/J1/20230627/20230627_063000.WAV","J1",2023-06-27 06:30:00,"06:30:00"
"185","20230627_064000.WAV",0.413387779899095,27.1026570695149,0.197285988367759,"D:/AudioMoth_data/Week_starting_230703/J1/20230627/20230627_064000.WAV","J1",2023-06-27 06:40:00,"06:40:00"
"186","20230627_065000.WAV",0.359467464656949,26.6977389627582,0.258588018647695,"D:/AudioMoth_data/Week_starting_230703/J1/20230627/20230627_065000.WAV","J1",2023-06-27 06:50:00,"06:50:00"
"187","20230627_070000.WAV",0.500293739526673,28.2111111875028,-0.0636018277950136,"D:/AudioMoth_data/Week_starting_230703/J1/20230627/20230627_070000.WAV","J1",2023-06-27 07:00:00,"07:00:00"
"188","20230627_071000.WAV",1.24614316466915,27.2436649788416,0.203168549555858,"D:/AudioMoth_data/Week_starting_230703/J1/20230627/20230627_071000.WAV","J1",2023-06-27 07:10:00,"07:10:00"
"189","20230627_072000.WAV",0.535982917516926,27.7480405220897,-0.115937676719175,"D:/AudioMoth_data/Week_starting_230703/J1/20230627/20230627_072000.WAV","J1",2023-06-27 07:20:00,"07:20:00"
"190","20230627_073000.WAV",0.834471444353741,27.9258269586948,-0.0291522360738945,"D:/AudioMoth_data/Week_starting_230703/J1/20230627/20230627_073000.WAV","J1",2023-06-27 07:30:00,"07:30:00"
"191","20230627_074000.WAV",1.27501471776922,27.1329211138324,0.00872947800402876,"D:/AudioMoth_data/Week_starting_230703/J1/20230627/20230627_074000.WAV","J1",2023-06-27 07:40:00,"07:40:00"
"192","20230627_075000.WAV",0.816915343091348,27.2910810459007,-0.168689544391612,"D:/AudioMoth_data/Week_starting_230703/J1/20230627/20230627_075000.WAV","J1",2023-06-27 07:50:00,"07:50:00"
"193","20230627_080000.WAV",0.570589848247761,27.4294133663128,-0.206233233996064,"D:/AudioMoth_data/Week_starting_230703/J1/20230627/20230627_080000.WAV","J1",2023-06-27 08:00:00,"08:00:00"
"194","20230627_081000.WAV",0.529551449173629,26.6013414168714,-0.210036048374969,"D:/AudioMoth_data/Week_starting_230703/J1/20230627/20230627_081000.WAV","J1",2023-06-27 08:10:00,"08:10:00"
"195","20230627_082000.WAV",0.6121457832983,27.1802200523528,0.312569413271457,"D:/AudioMoth_data/Week_starting_230703/J1/20230627/20230627_082000.WAV","J1",2023-06-27 08:20:00,"08:20:00"
"196","20230627_083000.WAV",0.596330649521976,27.3647029988491,-0.168512360724843,"D:/AudioMoth_data/Week_starting_230703/J1/20230627/20230627_083000.WAV","J1",2023-06-27 08:30:00,"08:30:00"
"197","20230627_084000.WAV",0.47911235618671,28.7412780266932,-0.067522575313754,"D:/AudioMoth_data/Week_starting_230703/J1/20230627/20230627_084000.WAV","J1",2023-06-27 08:40:00,"08:40:00"
"198","20230627_085000.WAV",0.567727843795034,27.5473308037395,-0.459977918822325,"D:/AudioMoth_data/Week_starting_230703/J1/20230627/20230627_085000.WAV","J1",2023-06-27 08:50:00,"08:50:00"
"199","20230627_090000.WAV",0.387095142910056,25.7026475159403,0.638241524563023,"D:/AudioMoth_data/Week_starting_230703/J1/20230627/20230627_090000.WAV","J1",2023-06-27 09:00:00,"09:00:00"
"200","20230627_091000.WAV",0.485297367456698,25.7238501308354,0.19479420000049,"D:/AudioMoth_data/Week_starting_230703/J1/20230627/20230627_091000.WAV","J1",2023-06-27 09:10:00,"09:10:00"
"201","20230627_092000.WAV",0.5532266304109,25.4169725859949,0.606788930479296,"D:/AudioMoth_data/Week_starting_230703/J1/20230627/20230627_092000.WAV","J1",2023-06-27 09:20:00,"09:20:00"
"202","20230627_093000.WAV",0.712536783952188,27.8358854799675,0.436768878981178,"D:/AudioMoth_data/Week_starting_230703/J1/20230627/20230627_093000.WAV","J1",2023-06-27 09:30:00,"09:30:00"
"203","20230627_094000.WAV",0.623704503295916,27.9737948664938,0.378544452468879,"D:/AudioMoth_data/Week_starting_230703/J1/20230627/20230627_094000.WAV","J1",2023-06-27 09:40:00,"09:40:00"
"204","20230627_095000.WAV",0.872966144881753,27.3264036733706,0.124897310813065,"D:/AudioMoth_data/Week_starting_230703/J1/20230627/20230627_095000.WAV","J1",2023-06-27 09:50:00,"09:50:00"
"205","20230627_100000.WAV",1.00573887887478,26.6211349263624,-0.0337787795185891,"D:/AudioMoth_data/Week_starting_230703/J1/20230627/20230627_100000.WAV","J1",2023-06-27 10:00:00,"10:00:00"
"206","20230627_101000.WAV",0.966079085876589,27.0631974298306,0.150882779737822,"D:/AudioMoth_data/Week_starting_230703/J1/20230627/20230627_101000.WAV","J1",2023-06-27 10:10:00,"10:10:00"
"207","20230627_102000.WAV",1.796290238457,26.7545473131331,0.589362371535629,"D:/AudioMoth_data/Week_starting_230703/J1/20230627/20230627_102000.WAV","J1",2023-06-27 10:20:00,"10:20:00"
"208","20230627_103000.WAV",1.34272983060793,25.2837602168468,0.0817634745296306,"D:/AudioMoth_data/Week_starting_230703/J1/20230627/20230627_103000.WAV","J1",2023-06-27 10:30:00,"10:30:00"
"209","20230627_104000.WAV",0.670338666734827,26.2654929773458,0.119071049043349,"D:/AudioMoth_data/Week_starting_230703/J1/20230627/20230627_104000.WAV","J1",2023-06-27 10:40:00,"10:40:00"
"210","20230627_105000.WAV",1.04172920667005,26.400941771053,0.520489440686527,"D:/AudioMoth_data/Week_starting_230703/J1/20230627/20230627_105000.WAV","J1",2023-06-27 10:50:00,"10:50:00"
"211","20230627_110000.WAV",0.777514822793715,27.4246913946729,-0.17746938572783,"D:/AudioMoth_data/Week_starting_230703/J1/20230627/20230627_110000.WAV","J1",2023-06-27 11:00:00,"11:00:00"
"212","20230627_111000.WAV",1.1314821621566,26.7908168606669,-0.00935492831507566,"D:/AudioMoth_data/Week_starting_230703/J1/20230627/20230627_111000.WAV","J1",2023-06-27 11:10:00,"11:10:00"
"213","20230627_112000.WAV",0.391103207243589,26.8099640163371,0.352676542054646,"D:/AudioMoth_data/Week_starting_230703/J1/20230627/20230627_112000.WAV","J1",2023-06-27 11:20:00,"11:20:00"
"214","20230627_113000.WAV",0.437296672029554,27.5263429063097,0.232143355886582,"D:/AudioMoth_data/Week_starting_230703/J1/20230627/20230627_113000.WAV","J1",2023-06-27 11:30:00,"11:30:00"
"215","20230627_114000.WAV",0.359478208848771,26.9348828275452,0.23221352754967,"D:/AudioMoth_data/Week_starting_230703/J1/20230627/20230627_114000.WAV","J1",2023-06-27 11:40:00,"11:40:00"
"216","20230627_115000.WAV",0.992643676463598,28.6004741589193,0.72694562997152,"D:/AudioMoth_data/Week_starting_230703/J1/20230627/20230627_115000.WAV","J1",2023-06-27 11:50:00,"11:50:00"
"217","20230627_120000.WAV",0.516954255097489,27.322280357657,0.45629519873542,"D:/AudioMoth_data/Week_starting_230703/J1/20230627/20230627_120000.WAV","J1",2023-06-27 12:00:00,"12:00:00"
"218","20230627_121000.WAV",0.474477143079708,27.9975248107286,0.344266780922977,"D:/AudioMoth_data/Week_starting_230703/J1/20230627/20230627_121000.WAV","J1",2023-06-27 12:10:00,"12:10:00"
"219","20230627_122000.WAV",0.988031377083259,27.4297073716799,0.424255636021103,"D:/AudioMoth_data/Week_starting_230703/J1/20230627/20230627_122000.WAV","J1",2023-06-27 12:20:00,"12:20:00"
"220","20230627_123000.WAV",1.04077364613969,27.2397515661652,0.698039124985488,"D:/AudioMoth_data/Week_starting_230703/J1/20230627/20230627_123000.WAV","J1",2023-06-27 12:30:00,"12:30:00"
"221","20230627_124000.WAV",1.16928486746245,27.3548678577985,0.72075631018238,"D:/AudioMoth_data/Week_starting_230703/J1/20230627/20230627_124000.WAV","J1",2023-06-27 12:40:00,"12:40:00"
"222","20230627_125000.WAV",1.21504147505445,27.9231154517356,0.680272524520613,"D:/AudioMoth_data/Week_starting_230703/J1/20230627/20230627_125000.WAV","J1",2023-06-27 12:50:00,"12:50:00"
"223","20230627_130000.WAV",1.17656108253462,26.6561145177645,0.896579794679815,"D:/AudioMoth_data/Week_starting_230703/J1/20230627/20230627_130000.WAV","J1",2023-06-27 13:00:00,"13:00:00"
"224","20230627_131000.WAV",0.851472799485006,27.2047470464797,0.851078003959417,"D:/AudioMoth_data/Week_starting_230703/J1/20230627/20230627_131000.WAV","J1",2023-06-27 13:10:00,"13:10:00"
"225","20230627_132000.WAV",0.942062155014235,27.3405764069139,0.828504995125727,"D:/AudioMoth_data/Week_starting_230703/J1/20230627/20230627_132000.WAV","J1",2023-06-27 13:20:00,"13:20:00"
"226","20230627_133000.WAV",1.19525117388481,27.4229822942395,0.879362215448677,"D:/AudioMoth_data/Week_starting_230703/J1/20230627/20230627_133000.WAV","J1",2023-06-27 13:30:00,"13:30:00"
"227","20230627_134000.WAV",0.887462246112528,26.7932431316927,0.895356283789113,"D:/AudioMoth_data/Week_starting_230703/J1/20230627/20230627_134000.WAV","J1",2023-06-27 13:40:00,"13:40:00"
"228","20230627_135000.WAV",1.01779724295266,27.9446807264179,0.636269105931681,"D:/AudioMoth_data/Week_starting_230703/J1/20230627/20230627_135000.WAV","J1",2023-06-27 13:50:00,"13:50:00"
"229","20230627_140000.WAV",0.896208604830614,27.5427423723715,0.630116991112917,"D:/AudioMoth_data/Week_starting_230703/J1/20230627/20230627_140000.WAV","J1",2023-06-27 14:00:00,"14:00:00"
"230","20230627_141000.WAV",1.29578730303574,27.3941114362833,0.763188118651143,"D:/AudioMoth_data/Week_starting_230703/J1/20230627/20230627_141000.WAV","J1",2023-06-27 14:10:00,"14:10:00"
"231","20230627_142000.WAV",1.56022484086252,26.6333746991814,0.948741684855444,"D:/AudioMoth_data/Week_starting_230703/J1/20230627/20230627_142000.WAV","J1",2023-06-27 14:20:00,"14:20:00"
"232","20230627_143000.WAV",1.37206378251167,27.1492246121065,0.861192814870065,"D:/AudioMoth_data/Week_starting_230703/J1/20230627/20230627_143000.WAV","J1",2023-06-27 14:30:00,"14:30:00"
"233","20230627_144000.WAV",1.2671396893598,27.2756324956504,0.805062217583596,"D:/AudioMoth_data/Week_starting_230703/J1/20230627/20230627_144000.WAV","J1",2023-06-27 14:40:00,"14:40:00"
"234","20230627_145000.WAV",1.03618307429776,27.6182639295962,0.7209428593002,"D:/AudioMoth_data/Week_starting_230703/J1/20230627/20230627_145000.WAV","J1",2023-06-27 14:50:00,"14:50:00"
"235","20230627_150000.WAV",1.43008866180174,27.749694433161,0.812132294313089,"D:/AudioMoth_data/Week_starting_230703/J1/20230627/20230627_150000.WAV","J1",2023-06-27 15:00:00,"15:00:00"
"236","20230627_151000.WAV",1.49061088486693,26.4596200285087,0.687174020819104,"D:/AudioMoth_data/Week_starting_230703/J1/20230627/20230627_151000.WAV","J1",2023-06-27 15:10:00,"15:10:00"
"237","20230627_152000.WAV",1.41789197648382,27.0629322530393,0.701390986615607,"D:/AudioMoth_data/Week_starting_230703/J1/20230627/20230627_152000.WAV","J1",2023-06-27 15:20:00,"15:20:00"
"238","20230627_153000.WAV",1.57401384122734,26.8361212781002,0.621355888054589,"D:/AudioMoth_data/Week_starting_230703/J1/20230627/20230627_153000.WAV","J1",2023-06-27 15:30:00,"15:30:00"
"239","20230627_154000.WAV",1.69216922788257,26.5341624466975,0.758673900698782,"D:/AudioMoth_data/Week_starting_230703/J1/20230627/20230627_154000.WAV","J1",2023-06-27 15:40:00,"15:40:00"
"240","20230627_155000.WAV",1.37517993417946,26.7555630994276,0.367357470511556,"D:/AudioMoth_data/Week_starting_230703/J1/20230627/20230627_155000.WAV","J1",2023-06-27 15:50:00,"15:50:00"
"241","20230627_160000.WAV",1.4506916953859,27.129371943542,0.536524456012048,"D:/AudioMoth_data/Week_starting_230703/J1/20230627/20230627_160000.WAV","J1",2023-06-27 16:00:00,"16:00:00"
"242","20230627_161000.WAV",1.74579410839153,26.2454973274333,0.90511234555351,"D:/AudioMoth_data/Week_starting_230703/J1/20230627/20230627_161000.WAV","J1",2023-06-27 16:10:00,"16:10:00"
"243","20230627_162000.WAV",1.00050283160154,27.472954347347,0.774220411966838,"D:/AudioMoth_data/Week_starting_230703/J1/20230627/20230627_162000.WAV","J1",2023-06-27 16:20:00,"16:20:00"
"244","20230627_163000.WAV",1.51857712744415,27.1278417638545,0.771188795163067,"D:/AudioMoth_data/Week_starting_230703/J1/20230627/20230627_163000.WAV","J1",2023-06-27 16:30:00,"16:30:00"
"245","20230627_164000.WAV",1.28121640149331,27.500244584458,0.822343179932081,"D:/AudioMoth_data/Week_starting_230703/J1/20230627/20230627_164000.WAV","J1",2023-06-27 16:40:00,"16:40:00"
"246","20230627_165000.WAV",1.54997558573709,26.2999021201924,0.557170789417676,"D:/AudioMoth_data/Week_starting_230703/J1/20230627/20230627_165000.WAV","J1",2023-06-27 16:50:00,"16:50:00"
"247","20230627_170000.WAV",1.2406003858522,26.4736314135566,0.292493246986658,"D:/AudioMoth_data/Week_starting_230703/J1/20230627/20230627_170000.WAV","J1",2023-06-27 17:00:00,"17:00:00"
"248","20230627_171000.WAV",0.898181971261369,25.8606329332106,0.18663472259898,"D:/AudioMoth_data/Week_starting_230703/J1/20230627/20230627_171000.WAV","J1",2023-06-27 17:10:00,"17:10:00"
"249","20230627_172000.WAV",0.713323159288002,25.472923625959,0.0804047263588561,"D:/AudioMoth_data/Week_starting_230703/J1/20230627/20230627_172000.WAV","J1",2023-06-27 17:20:00,"17:20:00"
"250","20230627_173000.WAV",0.751456922811746,25.3164507189691,0.217466230247578,"D:/AudioMoth_data/Week_starting_230703/J1/20230627/20230627_173000.WAV","J1",2023-06-27 17:30:00,"17:30:00"
"251","20230627_174000.WAV",1.3344008092375,25.1843462154474,0.218686930488384,"D:/AudioMoth_data/Week_starting_230703/J1/20230627/20230627_174000.WAV","J1",2023-06-27 17:40:00,"17:40:00"
"252","20230627_175000.WAV",1.41452702733319,25.2978123930434,0.463395390362085,"D:/AudioMoth_data/Week_starting_230703/J1/20230627/20230627_175000.WAV","J1",2023-06-27 17:50:00,"17:50:00"
"253","20230627_180000.WAV",0.867984666904697,25.2333117736566,0.0200539052547897,"D:/AudioMoth_data/Week_starting_230703/J1/20230627/20230627_180000.WAV","J1",2023-06-27 18:00:00,"18:00:00"
"254","20230627_181000.WAV",1.16044850457834,25.2342777470304,0.22033047190898,"D:/AudioMoth_data/Week_starting_230703/J1/20230627/20230627_181000.WAV","J1",2023-06-27 18:10:00,"18:10:00"
"255","20230627_182000.WAV",1.43528548681804,25.3355096524917,0.728770672344684,"D:/AudioMoth_data/Week_starting_230703/J1/20230627/20230627_182000.WAV","J1",2023-06-27 18:20:00,"18:20:00"
"256","20230627_183000.WAV",1.528451968787,25.0483995417645,0.133711581671044,"D:/AudioMoth_data/Week_starting_230703/J1/20230627/20230627_183000.WAV","J1",2023-06-27 18:30:00,"18:30:00"
"257","20230627_184000.WAV",2.03562191399339,25.1956302912629,-0.42277388956633,"D:/AudioMoth_data/Week_starting_230703/J1/20230627/20230627_184000.WAV","J1",2023-06-27 18:40:00,"18:40:00"
"258","20230627_185000.WAV",1.28442046743114,25.0835089516313,-0.355726315396535,"D:/AudioMoth_data/Week_starting_230703/J1/20230627/20230627_185000.WAV","J1",2023-06-27 18:50:00,"18:50:00"
"259","20230627_190000.WAV",0.429921497134725,25.1219440434451,0.290825662171177,"D:/AudioMoth_data/Week_starting_230703/J1/20230627/20230627_190000.WAV","J1",2023-06-27 19:00:00,"19:00:00"
"260","20230627_191000.WAV",1.15010848145102,25.1016181712276,-0.28217635445723,"D:/AudioMoth_data/Week_starting_230703/J1/20230627/20230627_191000.WAV","J1",2023-06-27 19:10:00,"19:10:00"
"261","20230627_192000.WAV",1.42945939336467,25.1488676545749,-0.45676074689387,"D:/AudioMoth_data/Week_starting_230703/J1/20230627/20230627_192000.WAV","J1",2023-06-27 19:20:00,"19:20:00"
"262","20230627_193000.WAV",1.47883034981962,24.894665303599,-0.00872111373424848,"D:/AudioMoth_data/Week_starting_230703/J1/20230627/20230627_193000.WAV","J1",2023-06-27 19:30:00,"19:30:00"
"263","20230627_194000.WAV",1.36786410439711,24.7338503949607,-0.222869992770719,"D:/AudioMoth_data/Week_starting_230703/J1/20230627/20230627_194000.WAV","J1",2023-06-27 19:40:00,"19:40:00"
"264","20230627_195000.WAV",1.70629183819409,24.7728107780906,0.116744774696501,"D:/AudioMoth_data/Week_starting_230703/J1/20230627/20230627_195000.WAV","J1",2023-06-27 19:50:00,"19:50:00"
"265","20230627_200000.WAV",1.81209704803371,25.1323403827286,-0.275396770530727,"D:/AudioMoth_data/Week_starting_230703/J1/20230627/20230627_200000.WAV","J1",2023-06-27 20:00:00,"20:00:00"
"266","20230627_201000.WAV",1.22531179608111,25.1495740540264,-0.738950337404291,"D:/AudioMoth_data/Week_starting_230703/J1/20230627/20230627_201000.WAV","J1",2023-06-27 20:10:00,"20:10:00"
"267","20230627_202000.WAV",0.876906754296159,25.1800475941064,-0.64499185602585,"D:/AudioMoth_data/Week_starting_230703/J1/20230627/20230627_202000.WAV","J1",2023-06-27 20:20:00,"20:20:00"
"268","20230627_203000.WAV",1.41315940638255,25.0256050746952,-0.324843094976522,"D:/AudioMoth_data/Week_starting_230703/J1/20230627/20230627_203000.WAV","J1",2023-06-27 20:30:00,"20:30:00"
"269","20230627_204000.WAV",1.87753802360323,24.918929147769,0.369160129473865,"D:/AudioMoth_data/Week_starting_230703/J1/20230627/20230627_204000.WAV","J1",2023-06-27 20:40:00,"20:40:00"
"270","20230627_205000.WAV",1.7715427948347,24.7874909409144,0.26856123772135,"D:/AudioMoth_data/Week_starting_230703/J1/20230627/20230627_205000.WAV","J1",2023-06-27 20:50:00,"20:50:00"
"271","20230627_210000.WAV",1.40308896376762,23.9224063807289,-0.208284104925709,"D:/AudioMoth_data/Week_starting_230703/J1/20230627/20230627_210000.WAV","J1",2023-06-27 21:00:00,"21:00:00"
"272","20230627_211000.WAV",0.991684233480276,25.1827032966869,-0.353915997211711,"D:/AudioMoth_data/Week_starting_230703/J1/20230627/20230627_211000.WAV","J1",2023-06-27 21:10:00,"21:10:00"
"273","20230627_212000.WAV",1.26825735605772,25.3861433714079,-0.0986088298850135,"D:/AudioMoth_data/Week_starting_230703/J1/20230627/20230627_212000.WAV","J1",2023-06-27 21:20:00,"21:20:00"
"274","20230627_213000.WAV",2.02828984925107,25.3714707920713,0.781622047026935,"D:/AudioMoth_data/Week_starting_230703/J1/20230627/20230627_213000.WAV","J1",2023-06-27 21:30:00,"21:30:00"
"275","20230627_214000.WAV",0.969083840256768,25.2418598432391,-0.381169799465843,"D:/AudioMoth_data/Week_starting_230703/J1/20230627/20230627_214000.WAV","J1",2023-06-27 21:40:00,"21:40:00"
"276","20230627_215000.WAV",0.897164491083473,25.3953832877578,-0.294956283898588,"D:/AudioMoth_data/Week_starting_230703/J1/20230627/20230627_215000.WAV","J1",2023-06-27 21:50:00,"21:50:00"
"277","20230627_220000.WAV",0.736093365374024,25.5910151644431,-0.162200724989451,"D:/AudioMoth_data/Week_starting_230703/J1/20230627/20230627_220000.WAV","J1",2023-06-27 22:00:00,"22:00:00"
"278","20230627_221000.WAV",0.829266555548565,25.5056690336817,-0.49707376499258,"D:/AudioMoth_data/Week_starting_230703/J1/20230627/20230627_221000.WAV","J1",2023-06-27 22:10:00,"22:10:00"
"279","20230627_222000.WAV",0.80099013606364,25.3184836550175,-0.58383897068727,"D:/AudioMoth_data/Week_starting_230703/J1/20230627/20230627_222000.WAV","J1",2023-06-27 22:20:00,"22:20:00"
"280","20230627_223000.WAV",0.590746455452223,25.3619849340904,-0.622091273187655,"D:/AudioMoth_data/Week_starting_230703/J1/20230627/20230627_223000.WAV","J1",2023-06-27 22:30:00,"22:30:00"
"281","20230627_224000.WAV",0.930037435914107,25.355657556357,-0.769013235822493,"D:/AudioMoth_data/Week_starting_230703/J1/20230627/20230627_224000.WAV","J1",2023-06-27 22:40:00,"22:40:00"
"282","20230627_225000.WAV",0.686256968986511,25.3926088373044,-0.659130079539871,"D:/AudioMoth_data/Week_starting_230703/J1/20230627/20230627_225000.WAV","J1",2023-06-27 22:50:00,"22:50:00"
"283","20230627_230000.WAV",1.00333644479148,25.3888160435087,-0.624519958792247,"D:/AudioMoth_data/Week_starting_230703/J1/20230627/20230627_230000.WAV","J1",2023-06-27 23:00:00,"23:00:00"
"284","20230627_231000.WAV",1.19032608545484,25.1943252768238,-0.243740716209636,"D:/AudioMoth_data/Week_starting_230703/J1/20230627/20230627_231000.WAV","J1",2023-06-27 23:10:00,"23:10:00"
"285","20230627_232000.WAV",0.592240675947707,25.2458338402731,-0.541465187720535,"D:/AudioMoth_data/Week_starting_230703/J1/20230627/20230627_232000.WAV","J1",2023-06-27 23:20:00,"23:20:00"
"286","20230627_233000.WAV",0.645985916952111,25.2463516358662,-0.559557625205482,"D:/AudioMoth_data/Week_starting_230703/J1/20230627/20230627_233000.WAV","J1",2023-06-27 23:30:00,"23:30:00"
"287","20230627_234000.WAV",0.773031851364934,25.1396686487871,-0.578501518797241,"D:/AudioMoth_data/Week_starting_230703/J1/20230627/20230627_234000.WAV","J1",2023-06-27 23:40:00,"23:40:00"
"288","20230627_235000.WAV",0.527104753776042,25.182104622261,-0.20925837871172,"D:/AudioMoth_data/Week_starting_230703/J1/20230627/20230627_235000.WAV","J1",2023-06-27 23:50:00,"23:50:00"
"289","20230627_000000.WAV",1.18857726633807,25.2144511594353,-0.843363477489559,"D:/AudioMoth_data/Week_starting_230703/J2/20230627/20230627_000000.WAV","J2",2023-06-27,NA
"290","20230627_001000.WAV",1.17170651740215,25.423295921837,-0.853726482243696,"D:/AudioMoth_data/Week_starting_230703/J2/20230627/20230627_001000.WAV","J2",2023-06-27 00:10:00,"00:10:00"
"291","20230627_002000.WAV",1.38941559875624,25.3326909761915,-0.837055473391838,"D:/AudioMoth_data/Week_starting_230703/J2/20230627/20230627_002000.WAV","J2",2023-06-27 00:20:00,"00:20:00"
"292","20230627_003000.WAV",1.63900759236412,25.2373267928709,-0.895803983898874,"D:/AudioMoth_data/Week_starting_230703/J2/20230627/20230627_003000.WAV","J2",2023-06-27 00:30:00,"00:30:00"
"293","20230627_004000.WAV",1.56681497795478,25.2450363860264,-0.85890797847877,"D:/AudioMoth_data/Week_starting_230703/J2/20230627/20230627_004000.WAV","J2",2023-06-27 00:40:00,"00:40:00"
"294","20230627_005000.WAV",1.13389331574209,25.2893967516212,-0.79233202309247,"D:/AudioMoth_data/Week_starting_230703/J2/20230627/20230627_005000.WAV","J2",2023-06-27 00:50:00,"00:50:00"
"295","20230627_010000.WAV",1.24888998209209,25.3735429616405,-0.851787770803539,"D:/AudioMoth_data/Week_starting_230703/J2/20230627/20230627_010000.WAV","J2",2023-06-27 01:00:00,"01:00:00"
"296","20230627_011000.WAV",1.59451533599686,25.1846001628145,-0.891467843551053,"D:/AudioMoth_data/Week_starting_230703/J2/20230627/20230627_011000.WAV","J2",2023-06-27 01:10:00,"01:10:00"
"297","20230627_012000.WAV",1.74425623019865,25.1534556579265,-0.904717662990756,"D:/AudioMoth_data/Week_starting_230703/J2/20230627/20230627_012000.WAV","J2",2023-06-27 01:20:00,"01:20:00"
"298","20230627_013000.WAV",1.33460770514501,25.3485085541359,-0.880326246316419,"D:/AudioMoth_data/Week_starting_230703/J2/20230627/20230627_013000.WAV","J2",2023-06-27 01:30:00,"01:30:00"
"299","20230627_014000.WAV",1.33159913933324,25.2826950464469,-0.882123317168278,"D:/AudioMoth_data/Week_starting_230703/J2/20230627/20230627_014000.WAV","J2",2023-06-27 01:40:00,"01:40:00"
"300","20230627_015000.WAV",1.27551158153663,25.2547098067066,-0.819921958892986,"D:/AudioMoth_data/Week_starting_230703/J2/20230627/20230627_015000.WAV","J2",2023-06-27 01:50:00,"01:50:00"
"301","20230627_020000.WAV",1.3386100472337,25.4656380624574,-0.850884780720428,"D:/AudioMoth_data/Week_starting_230703/J2/20230627/20230627_020000.WAV","J2",2023-06-27 02:00:00,"02:00:00"
"302","20230627_021000.WAV",1.20083281048944,25.2553457742056,-0.754454175406526,"D:/AudioMoth_data/Week_starting_230703/J2/20230627/20230627_021000.WAV","J2",2023-06-27 02:10:00,"02:10:00"
"303","20230627_022000.WAV",1.36140145612971,25.2701687506201,-0.857196616828731,"D:/AudioMoth_data/Week_starting_230703/J2/20230627/20230627_022000.WAV","J2",2023-06-27 02:20:00,"02:20:00"
"304","20230627_023000.WAV",1.10442916323512,25.248837119229,-0.858073773503982,"D:/AudioMoth_data/Week_starting_230703/J2/20230627/20230627_023000.WAV","J2",2023-06-27 02:30:00,"02:30:00"
"305","20230627_024000.WAV",1.30092926240688,25.3266422747511,-0.854329924943416,"D:/AudioMoth_data/Week_starting_230703/J2/20230627/20230627_024000.WAV","J2",2023-06-27 02:40:00,"02:40:00"
"306","20230627_025000.WAV",1.39836735563378,25.2230500905594,-0.91041961221257,"D:/AudioMoth_data/Week_starting_230703/J2/20230627/20230627_025000.WAV","J2",2023-06-27 02:50:00,"02:50:00"
"307","20230627_030000.WAV",1.45617377676911,25.258091832809,-0.856270268927885,"D:/AudioMoth_data/Week_starting_230703/J2/20230627/20230627_030000.WAV","J2",2023-06-27 03:00:00,"03:00:00"
"308","20230627_031000.WAV",1.4175299570728,25.4600189209124,-0.852380319975081,"D:/AudioMoth_data/Week_starting_230703/J2/20230627/20230627_031000.WAV","J2",2023-06-27 03:10:00,"03:10:00"
"309","20230627_032000.WAV",1.41222345544305,25.1706997848703,-0.806725238414004,"D:/AudioMoth_data/Week_starting_230703/J2/20230627/20230627_032000.WAV","J2",2023-06-27 03:20:00,"03:20:00"
"310","20230627_033000.WAV",0.720428643468475,25.5756146416781,-0.63284223813175,"D:/AudioMoth_data/Week_starting_230703/J2/20230627/20230627_033000.WAV","J2",2023-06-27 03:30:00,"03:30:00"
"311","20230627_034000.WAV",1.01395410674922,25.3494621598057,-0.813043020117142,"D:/AudioMoth_data/Week_starting_230703/J2/20230627/20230627_034000.WAV","J2",2023-06-27 03:40:00,"03:40:00"
"312","20230627_035000.WAV",0.980096172509198,26.3924460424405,-0.839924191582858,"D:/AudioMoth_data/Week_starting_230703/J2/20230627/20230627_035000.WAV","J2",2023-06-27 03:50:00,"03:50:00"
"313","20230627_040000.WAV",0.56702410155344,25.4268326861989,-0.51921198117696,"D:/AudioMoth_data/Week_starting_230703/J2/20230627/20230627_040000.WAV","J2",2023-06-27 04:00:00,"04:00:00"
"314","20230627_041000.WAV",0.900604545916907,25.4227813323151,-0.771895231959413,"D:/AudioMoth_data/Week_starting_230703/J2/20230627/20230627_041000.WAV","J2",2023-06-27 04:10:00,"04:10:00"
"315","20230627_042000.WAV",0.949066955292601,25.2170484909608,-0.798931875233945,"D:/AudioMoth_data/Week_starting_230703/J2/20230627/20230627_042000.WAV","J2",2023-06-27 04:20:00,"04:20:00"
"316","20230627_043000.WAV",0.913069917352813,25.3367993529283,-0.736958049423504,"D:/AudioMoth_data/Week_starting_230703/J2/20230627/20230627_043000.WAV","J2",2023-06-27 04:30:00,"04:30:00"
"317","20230627_044000.WAV",0.895731194705684,25.3747943539979,-0.785138903041246,"D:/AudioMoth_data/Week_starting_230703/J2/20230627/20230627_044000.WAV","J2",2023-06-27 04:40:00,"04:40:00"
"318","20230627_045000.WAV",0.95970481997934,25.3224122553302,-0.700959817254708,"D:/AudioMoth_data/Week_starting_230703/J2/20230627/20230627_045000.WAV","J2",2023-06-27 04:50:00,"04:50:00"
"319","20230627_050000.WAV",0.726071653708313,25.2718703167469,-0.722314445281209,"D:/AudioMoth_data/Week_starting_230703/J2/20230627/20230627_050000.WAV","J2",2023-06-27 05:00:00,"05:00:00"
"320","20230627_051000.WAV",0.939281670067902,25.3598099933436,-0.757041062180066,"D:/AudioMoth_data/Week_starting_230703/J2/20230627/20230627_051000.WAV","J2",2023-06-27 05:10:00,"05:10:00"
"321","20230627_052000.WAV",0.810383846408507,25.3244162721996,-0.731449205611367,"D:/AudioMoth_data/Week_starting_230703/J2/20230627/20230627_052000.WAV","J2",2023-06-27 05:20:00,"05:20:00"
"322","20230627_053000.WAV",0.764693956150368,25.3960033693812,-0.737759207461737,"D:/AudioMoth_data/Week_starting_230703/J2/20230627/20230627_053000.WAV","J2",2023-06-27 05:30:00,"05:30:00"
"323","20230627_054000.WAV",0.801159138037611,25.3014299008218,-0.705992685256855,"D:/AudioMoth_data/Week_starting_230703/J2/20230627/20230627_054000.WAV","J2",2023-06-27 05:40:00,"05:40:00"
"324","20230627_055000.WAV",0.894658749860951,25.3704597426795,-0.766206774398978,"D:/AudioMoth_data/Week_starting_230703/J2/20230627/20230627_055000.WAV","J2",2023-06-27 05:50:00,"05:50:00"
"325","20230627_060000.WAV",0.862707738407206,25.388015465354,-0.747149007140288,"D:/AudioMoth_data/Week_starting_230703/J2/20230627/20230627_060000.WAV","J2",2023-06-27 06:00:00,"06:00:00"
"326","20230627_061000.WAV",0.837181470301168,25.3741360207761,-0.793901808928085,"D:/AudioMoth_data/Week_starting_230703/J2/20230627/20230627_061000.WAV","J2",2023-06-27 06:10:00,"06:10:00"
"327","20230627_062000.WAV",0.996739468944245,25.1674320842971,-0.192448420020469,"D:/AudioMoth_data/Week_starting_230703/J2/20230627/20230627_062000.WAV","J2",2023-06-27 06:20:00,"06:20:00"
"328","20230627_063000.WAV",0.8825140899176,25.2336928671938,0.160610473581685,"D:/AudioMoth_data/Week_starting_230703/J2/20230627/20230627_063000.WAV","J2",2023-06-27 06:30:00,"06:30:00"
"329","20230627_064000.WAV",1.01543728239363,25.2398248851304,0.11779411447105,"D:/AudioMoth_data/Week_starting_230703/J2/20230627/20230627_064000.WAV","J2",2023-06-27 06:40:00,"06:40:00"
"330","20230627_065000.WAV",0.867901681382558,25.274147868714,-0.0456528854497649,"D:/AudioMoth_data/Week_starting_230703/J2/20230627/20230627_065000.WAV","J2",2023-06-27 06:50:00,"06:50:00"
"331","20230627_070000.WAV",0.987793064594674,25.2569561524458,-0.0768478849447312,"D:/AudioMoth_data/Week_starting_230703/J2/20230627/20230627_070000.WAV","J2",2023-06-27 07:00:00,"07:00:00"
"332","20230627_071000.WAV",1.034010416183,25.3296145726541,-0.122708299998227,"D:/AudioMoth_data/Week_starting_230703/J2/20230627/20230627_071000.WAV","J2",2023-06-27 07:10:00,"07:10:00"
"333","20230627_072000.WAV",0.9164034721033,25.2759670764085,-0.0829725480764528,"D:/AudioMoth_data/Week_starting_230703/J2/20230627/20230627_072000.WAV","J2",2023-06-27 07:20:00,"07:20:00"
"334","20230627_073000.WAV",1.00235110572856,25.2469706443974,-0.229597409219406,"D:/AudioMoth_data/Week_starting_230703/J2/20230627/20230627_073000.WAV","J2",2023-06-27 07:30:00,"07:30:00"
"335","20230627_074000.WAV",1.074995924431,25.2263338077867,-0.283856424279355,"D:/AudioMoth_data/Week_starting_230703/J2/20230627/20230627_074000.WAV","J2",2023-06-27 07:40:00,"07:40:00"
"336","20230627_075000.WAV",1.08924055422774,25.2752031498098,-0.370842565198182,"D:/AudioMoth_data/Week_starting_230703/J2/20230627/20230627_075000.WAV","J2",2023-06-27 07:50:00,"07:50:00"
"337","20230627_080000.WAV",0.975210153991694,25.2077623958576,-0.522840691942776,"D:/AudioMoth_data/Week_starting_230703/J2/20230627/20230627_080000.WAV","J2",2023-06-27 08:00:00,"08:00:00"
"338","20230627_081000.WAV",0.903438468493159,25.3035127406371,-0.582430205285896,"D:/AudioMoth_data/Week_starting_230703/J2/20230627/20230627_081000.WAV","J2",2023-06-27 08:10:00,"08:10:00"
"339","20230627_082000.WAV",0.704133191681507,25.3370585517264,-0.70015491624947,"D:/AudioMoth_data/Week_starting_230703/J2/20230627/20230627_082000.WAV","J2",2023-06-27 08:20:00,"08:20:00"
"340","20230627_083000.WAV",0.797291576766208,25.3706925026632,-0.651085824635026,"D:/AudioMoth_data/Week_starting_230703/J2/20230627/20230627_083000.WAV","J2",2023-06-27 08:30:00,"08:30:00"
"341","20230627_084000.WAV",0.842191553916515,25.3076916952536,-0.683986606533946,"D:/AudioMoth_data/Week_starting_230703/J2/20230627/20230627_084000.WAV","J2",2023-06-27 08:40:00,"08:40:00"
"342","20230627_085000.WAV",0.779395798754502,25.3285120192744,-0.705947413182422,"D:/AudioMoth_data/Week_starting_230703/J2/20230627/20230627_085000.WAV","J2",2023-06-27 08:50:00,"08:50:00"
"343","20230627_090000.WAV",0.91289215560681,25.285464279515,-0.732873957145302,"D:/AudioMoth_data/Week_starting_230703/J2/20230627/20230627_090000.WAV","J2",2023-06-27 09:00:00,"09:00:00"
"344","20230627_091000.WAV",0.851320828262288,25.2845286700755,-0.686601568990286,"D:/AudioMoth_data/Week_starting_230703/J2/20230627/20230627_091000.WAV","J2",2023-06-27 09:10:00,"09:10:00"
"345","20230627_092000.WAV",0.690988000030082,25.3041782595934,-0.624631454153729,"D:/AudioMoth_data/Week_starting_230703/J2/20230627/20230627_092000.WAV","J2",2023-06-27 09:20:00,"09:20:00"
"346","20230627_093000.WAV",0.837422108683624,25.2408045684268,-0.58476787352595,"D:/AudioMoth_data/Week_starting_230703/J2/20230627/20230627_093000.WAV","J2",2023-06-27 09:30:00,"09:30:00"
"347","20230627_094000.WAV",0.767207405509574,25.3303440744906,-0.638440224918354,"D:/AudioMoth_data/Week_starting_230703/J2/20230627/20230627_094000.WAV","J2",2023-06-27 09:40:00,"09:40:00"
"348","20230627_095000.WAV",0.746938506423227,25.3434401905895,-0.672672548126181,"D:/AudioMoth_data/Week_starting_230703/J2/20230627/20230627_095000.WAV","J2",2023-06-27 09:50:00,"09:50:00"
"349","20230627_100000.WAV",0.822368136805951,25.2629934105184,-0.741905504131517,"D:/AudioMoth_data/Week_starting_230703/J2/20230627/20230627_100000.WAV","J2",2023-06-27 10:00:00,"10:00:00"
"350","20230627_101000.WAV",0.798389370546038,25.3007272332471,-0.698792578635512,"D:/AudioMoth_data/Week_starting_230703/J2/20230627/20230627_101000.WAV","J2",2023-06-27 10:10:00,"10:10:00"
"351","20230627_102000.WAV",0.962560363456112,25.3520867072657,-0.733812977594883,"D:/AudioMoth_data/Week_starting_230703/J2/20230627/20230627_102000.WAV","J2",2023-06-27 10:20:00,"10:20:00"
"352","20230627_103000.WAV",0.981739218721578,25.2444208467836,-0.745331513934751,"D:/AudioMoth_data/Week_starting_230703/J2/20230627/20230627_103000.WAV","J2",2023-06-27 10:30:00,"10:30:00"
"353","20230627_104000.WAV",0.791996583046342,25.2850352970764,-0.717415014917824,"D:/AudioMoth_data/Week_starting_230703/J2/20230627/20230627_104000.WAV","J2",2023-06-27 10:40:00,"10:40:00"
"354","20230627_105000.WAV",0.683193461701721,25.2869956773352,-0.659416202282394,"D:/AudioMoth_data/Week_starting_230703/J2/20230627/20230627_105000.WAV","J2",2023-06-27 10:50:00,"10:50:00"
"355","20230627_110000.WAV",0.849896619725372,25.3458080983971,-0.722477931412784,"D:/AudioMoth_data/Week_starting_230703/J2/20230627/20230627_110000.WAV","J2",2023-06-27 11:00:00,"11:00:00"
"356","20230627_111000.WAV",0.758657972896007,25.2281160623533,-0.711777033296716,"D:/AudioMoth_data/Week_starting_230703/J2/20230627/20230627_111000.WAV","J2",2023-06-27 11:10:00,"11:10:00"
"357","20230627_112000.WAV",0.629839036213112,25.3361540451882,-0.53910548980316,"D:/AudioMoth_data/Week_starting_230703/J2/20230627/20230627_112000.WAV","J2",2023-06-27 11:20:00,"11:20:00"
"358","20230627_113000.WAV",0.74352698380841,25.2766108728447,-0.577387968513423,"D:/AudioMoth_data/Week_starting_230703/J2/20230627/20230627_113000.WAV","J2",2023-06-27 11:30:00,"11:30:00"
"359","20230627_114000.WAV",0.798034856734705,25.3030343728688,-0.666776730649203,"D:/AudioMoth_data/Week_starting_230703/J2/20230627/20230627_114000.WAV","J2",2023-06-27 11:40:00,"11:40:00"
"360","20230627_115000.WAV",0.766254714190565,25.237858620481,-0.594796672077634,"D:/AudioMoth_data/Week_starting_230703/J2/20230627/20230627_115000.WAV","J2",2023-06-27 11:50:00,"11:50:00"
"361","20230627_120000.WAV",0.775101102102344,25.2613100006173,-0.614060194149293,"D:/AudioMoth_data/Week_starting_230703/J2/20230627/20230627_120000.WAV","J2",2023-06-27 12:00:00,"12:00:00"
"362","20230627_121000.WAV",0.761720633583624,25.311046528657,-0.591105764660048,"D:/AudioMoth_data/Week_starting_230703/J2/20230627/20230627_121000.WAV","J2",2023-06-27 12:10:00,"12:10:00"
"363","20230627_122000.WAV",0.763207884642575,25.3463120066097,-0.612538489010968,"D:/AudioMoth_data/Week_starting_230703/J2/20230627/20230627_122000.WAV","J2",2023-06-27 12:20:00,"12:20:00"
"364","20230627_123000.WAV",0.697771945895218,25.270781008838,-0.496211689470934,"D:/AudioMoth_data/Week_starting_230703/J2/20230627/20230627_123000.WAV","J2",2023-06-27 12:30:00,"12:30:00"
"365","20230627_124000.WAV",0.611076412507307,25.3146526743184,-0.521121744729632,"D:/AudioMoth_data/Week_starting_230703/J2/20230627/20230627_124000.WAV","J2",2023-06-27 12:40:00,"12:40:00"
"366","20230627_125000.WAV",0.745499112976863,25.299122063007,-0.648813111815886,"D:/AudioMoth_data/Week_starting_230703/J2/20230627/20230627_125000.WAV","J2",2023-06-27 12:50:00,"12:50:00"
"367","20230627_130000.WAV",0.596852735904046,25.2515435528666,-0.441809999304692,"D:/AudioMoth_data/Week_starting_230703/J2/20230627/20230627_130000.WAV","J2",2023-06-27 13:00:00,"13:00:00"
"368","20230627_131000.WAV",0.754803185539858,25.2786591639759,-0.60854921373172,"D:/AudioMoth_data/Week_starting_230703/J2/20230627/20230627_131000.WAV","J2",2023-06-27 13:10:00,"13:10:00"
"369","20230627_132000.WAV",0.757676489243548,25.3206004994102,-0.606715369102917,"D:/AudioMoth_data/Week_starting_230703/J2/20230627/20230627_132000.WAV","J2",2023-06-27 13:20:00,"13:20:00"
"370","20230627_133000.WAV",0.687472931798826,25.26394843697,-0.517930660452129,"D:/AudioMoth_data/Week_starting_230703/J2/20230627/20230627_133000.WAV","J2",2023-06-27 13:30:00,"13:30:00"
"371","20230627_134000.WAV",0.698366487219187,25.2274863327382,-0.440104242982686,"D:/AudioMoth_data/Week_starting_230703/J2/20230627/20230627_134000.WAV","J2",2023-06-27 13:40:00,"13:40:00"
"372","20230627_135000.WAV",0.677469935932364,25.2948057625759,-0.558617657526369,"D:/AudioMoth_data/Week_starting_230703/J2/20230627/20230627_135000.WAV","J2",2023-06-27 13:50:00,"13:50:00"
"373","20230627_140000.WAV",0.670819698640805,25.227213657934,-0.500490242913838,"D:/AudioMoth_data/Week_starting_230703/J2/20230627/20230627_140000.WAV","J2",2023-06-27 14:00:00,"14:00:00"
"374","20230627_141000.WAV",0.631214110008221,25.2046864273527,-0.551788997069861,"D:/AudioMoth_data/Week_starting_230703/J2/20230627/20230627_141000.WAV","J2",2023-06-27 14:10:00,"14:10:00"
"375","20230627_142000.WAV",0.723994223238595,25.2840121694322,-0.657458128454168,"D:/AudioMoth_data/Week_starting_230703/J2/20230627/20230627_142000.WAV","J2",2023-06-27 14:20:00,"14:20:00"
"376","20230627_143000.WAV",0.644108737783571,25.2545931827447,-0.56001898201802,"D:/AudioMoth_data/Week_starting_230703/J2/20230627/20230627_143000.WAV","J2",2023-06-27 14:30:00,"14:30:00"
"377","20230627_144000.WAV",0.765729126320429,25.1978833075307,-0.439748720039589,"D:/AudioMoth_data/Week_starting_230703/J2/20230627/20230627_144000.WAV","J2",2023-06-27 14:40:00,"14:40:00"
"378","20230627_145000.WAV",0.774661929299036,25.2252281551551,-0.348409773730792,"D:/AudioMoth_data/Week_starting_230703/J2/20230627/20230627_145000.WAV","J2",2023-06-27 14:50:00,"14:50:00"
"379","20230627_150000.WAV",0.677052427771703,25.3186040530447,-0.652488074282319,"D:/AudioMoth_data/Week_starting_230703/J2/20230627/20230627_150000.WAV","J2",2023-06-27 15:00:00,"15:00:00"
"380","20230627_151000.WAV",0.75815021651601,25.2987850714422,-0.704524899321711,"D:/AudioMoth_data/Week_starting_230703/J2/20230627/20230627_151000.WAV","J2",2023-06-27 15:10:00,"15:10:00"
"381","20230627_152000.WAV",0.725796264386903,25.304009816887,-0.700377550484205,"D:/AudioMoth_data/Week_starting_230703/J2/20230627/20230627_152000.WAV","J2",2023-06-27 15:20:00,"15:20:00"
"382","20230627_153000.WAV",0.724705218487996,25.3772539553683,-0.688075922956568,"D:/AudioMoth_data/Week_starting_230703/J2/20230627/20230627_153000.WAV","J2",2023-06-27 15:30:00,"15:30:00"
"383","20230627_154000.WAV",0.806759110574191,25.3813681841933,-0.72804347954793,"D:/AudioMoth_data/Week_starting_230703/J2/20230627/20230627_154000.WAV","J2",2023-06-27 15:40:00,"15:40:00"
"384","20230627_155000.WAV",0.734892756150652,25.3597313455916,-0.715183233265142,"D:/AudioMoth_data/Week_starting_230703/J2/20230627/20230627_155000.WAV","J2",2023-06-27 15:50:00,"15:50:00"
"385","20230627_160000.WAV",0.724566734106373,25.3545832479157,-0.702508825290649,"D:/AudioMoth_data/Week_starting_230703/J2/20230627/20230627_160000.WAV","J2",2023-06-27 16:00:00,"16:00:00"
"386","20230627_161000.WAV",0.83483611617538,25.2777696088262,-0.736622348378344,"D:/AudioMoth_data/Week_starting_230703/J2/20230627/20230627_161000.WAV","J2",2023-06-27 16:10:00,"16:10:00"
"387","20230627_162000.WAV",0.659441049177585,25.3012013789077,-0.630725019574233,"D:/AudioMoth_data/Week_starting_230703/J2/20230627/20230627_162000.WAV","J2",2023-06-27 16:20:00,"16:20:00"
"388","20230627_163000.WAV",0.762899557766483,25.2836302964284,-0.70051167326022,"D:/AudioMoth_data/Week_starting_230703/J2/20230627/20230627_163000.WAV","J2",2023-06-27 16:30:00,"16:30:00"
"389","20230627_164000.WAV",0.900692182023127,25.3429782093851,-0.745126723019951,"D:/AudioMoth_data/Week_starting_230703/J2/20230627/20230627_164000.WAV","J2",2023-06-27 16:40:00,"16:40:00"
"390","20230627_165000.WAV",0.78312072221631,25.299487975148,-0.723446427101767,"D:/AudioMoth_data/Week_starting_230703/J2/20230627/20230627_165000.WAV","J2",2023-06-27 16:50:00,"16:50:00"
"391","20230627_170000.WAV",0.900117975952283,25.2849240595069,-0.745752382592043,"D:/AudioMoth_data/Week_starting_230703/J2/20230627/20230627_170000.WAV","J2",2023-06-27 17:00:00,"17:00:00"
"392","20230627_171000.WAV",0.845340144066727,25.2286224925058,-0.758927108347025,"D:/AudioMoth_data/Week_starting_230703/J2/20230627/20230627_171000.WAV","J2",2023-06-27 17:10:00,"17:10:00"
"393","20230627_172000.WAV",0.943269895023679,25.3371650041459,-0.767286645945261,"D:/AudioMoth_data/Week_starting_230703/J2/20230627/20230627_172000.WAV","J2",2023-06-27 17:20:00,"17:20:00"
"394","20230627_173000.WAV",0.987681496010065,25.234254807065,-0.754767579819677,"D:/AudioMoth_data/Week_starting_230703/J2/20230627/20230627_173000.WAV","J2",2023-06-27 17:30:00,"17:30:00"
"395","20230627_174000.WAV",1.06434335392391,25.3495773881566,-0.762968070739448,"D:/AudioMoth_data/Week_starting_230703/J2/20230627/20230627_174000.WAV","J2",2023-06-27 17:40:00,"17:40:00"
"396","20230627_175000.WAV",1.11094798102856,25.2952148488171,-0.751482929710708,"D:/AudioMoth_data/Week_starting_230703/J2/20230627/20230627_175000.WAV","J2",2023-06-27 17:50:00,"17:50:00"
"397","20230627_180000.WAV",1.05234564501667,25.3478191231109,-0.764301525293699,"D:/AudioMoth_data/Week_starting_230703/J2/20230627/20230627_180000.WAV","J2",2023-06-27 18:00:00,"18:00:00"
"398","20230627_181000.WAV",1.04532832171696,25.3322663453769,-0.753321865650697,"D:/AudioMoth_data/Week_starting_230703/J2/20230627/20230627_181000.WAV","J2",2023-06-27 18:10:00,"18:10:00"
"399","20230627_182000.WAV",1.18252530716656,25.3472288610044,-0.776530974336444,"D:/AudioMoth_data/Week_starting_230703/J2/20230627/20230627_182000.WAV","J2",2023-06-27 18:20:00,"18:20:00"
"400","20230627_183000.WAV",0.95229006906138,25.4311648240292,-0.771316911996287,"D:/AudioMoth_data/Week_starting_230703/J2/20230627/20230627_183000.WAV","J2",2023-06-27 18:30:00,"18:30:00"
"401","20230627_184000.WAV",1.29195578256013,25.2197585208398,-0.780745251258868,"D:/AudioMoth_data/Week_starting_230703/J2/20230627/20230627_184000.WAV","J2",2023-06-27 18:40:00,"18:40:00"
"402","20230627_185000.WAV",1.22334718560039,25.3617866213667,-0.767968479254578,"D:/AudioMoth_data/Week_starting_230703/J2/20230627/20230627_185000.WAV","J2",2023-06-27 18:50:00,"18:50:00"
"403","20230627_190000.WAV",1.35449654488561,25.3007962273694,-0.756592866219095,"D:/AudioMoth_data/Week_starting_230703/J2/20230627/20230627_190000.WAV","J2",2023-06-27 19:00:00,"19:00:00"
"404","20230627_191000.WAV",1.24428234852901,25.2495541189803,-0.764794542254371,"D:/AudioMoth_data/Week_starting_230703/J2/20230627/20230627_191000.WAV","J2",2023-06-27 19:10:00,"19:10:00"
"405","20230627_192000.WAV",1.1301844847048,25.2542737043279,-0.763731408287426,"D:/AudioMoth_data/Week_starting_230703/J2/20230627/20230627_192000.WAV","J2",2023-06-27 19:20:00,"19:20:00"
"406","20230627_193000.WAV",1.29076769420413,25.2660522037613,-0.785690173474068,"D:/AudioMoth_data/Week_starting_230703/J2/20230627/20230627_193000.WAV","J2",2023-06-27 19:30:00,"19:30:00"
"407","20230627_194000.WAV",1.27801207576462,25.2940949617061,-0.760348649578325,"D:/AudioMoth_data/Week_starting_230703/J2/20230627/20230627_194000.WAV","J2",2023-06-27 19:40:00,"19:40:00"
"408","20230627_195000.WAV",1.16171395108017,25.2819469980582,-0.730742068429463,"D:/AudioMoth_data/Week_starting_230703/J2/20230627/20230627_195000.WAV","J2",2023-06-27 19:50:00,"19:50:00"
"409","20230627_200000.WAV",0.957116994862746,25.2649672617679,-0.774837713325646,"D:/AudioMoth_data/Week_starting_230703/J2/20230627/20230627_200000.WAV","J2",2023-06-27 20:00:00,"20:00:00"
"410","20230627_201000.WAV",1.37754065198297,25.29992064284,-0.777216227310354,"D:/AudioMoth_data/Week_starting_230703/J2/20230627/20230627_201000.WAV","J2",2023-06-27 20:10:00,"20:10:00"
"411","20230627_202000.WAV",1.46762429581535,25.2858608272875,-0.771272016716267,"D:/AudioMoth_data/Week_starting_230703/J2/20230627/20230627_202000.WAV","J2",2023-06-27 20:20:00,"20:20:00"
"412","20230627_203000.WAV",1.09761856437341,25.302319862518,-0.773589650462024,"D:/AudioMoth_data/Week_starting_230703/J2/20230627/20230627_203000.WAV","J2",2023-06-27 20:30:00,"20:30:00"
"413","20230627_204000.WAV",1.40585808353081,25.2906235654563,-0.762571924170781,"D:/AudioMoth_data/Week_starting_230703/J2/20230627/20230627_204000.WAV","J2",2023-06-27 20:40:00,"20:40:00"
"414","20230627_205000.WAV",1.11595239988996,25.3087542815238,-0.7543365296829,"D:/AudioMoth_data/Week_starting_230703/J2/20230627/20230627_205000.WAV","J2",2023-06-27 20:50:00,"20:50:00"
"415","20230627_210000.WAV",1.20296172876941,25.336220110274,-0.749893379447295,"D:/AudioMoth_data/Week_starting_230703/J2/20230627/20230627_210000.WAV","J2",2023-06-27 21:00:00,"21:00:00"
"416","20230627_211000.WAV",1.16224081885876,25.4783983937175,-0.765573351326157,"D:/AudioMoth_data/Week_starting_230703/J2/20230627/20230627_211000.WAV","J2",2023-06-27 21:10:00,"21:10:00"
"417","20230627_212000.WAV",1.27417674518385,25.1711861872631,-0.779680865638025,"D:/AudioMoth_data/Week_starting_230703/J2/20230627/20230627_212000.WAV","J2",2023-06-27 21:20:00,"21:20:00"
"418","20230627_213000.WAV",1.4135565010681,25.2393530439817,-0.78555361164527,"D:/AudioMoth_data/Week_starting_230703/J2/20230627/20230627_213000.WAV","J2",2023-06-27 21:30:00,"21:30:00"
"419","20230627_214000.WAV",1.37338678773265,25.2377929751374,-0.776983492620816,"D:/AudioMoth_data/Week_starting_230703/J2/20230627/20230627_214000.WAV","J2",2023-06-27 21:40:00,"21:40:00"
"420","20230627_215000.WAV",1.18957280065488,25.1681187467062,-0.777664663188566,"D:/AudioMoth_data/Week_starting_230703/J2/20230627/20230627_215000.WAV","J2",2023-06-27 21:50:00,"21:50:00"
"421","20230627_220000.WAV",1.10745298348519,25.2591138301329,-0.734461709364142,"D:/AudioMoth_data/Week_starting_230703/J2/20230627/20230627_220000.WAV","J2",2023-06-27 22:00:00,"22:00:00"
"422","20230627_221000.WAV",1.23653209210404,25.2180636923937,-0.772669065347433,"D:/AudioMoth_data/Week_starting_230703/J2/20230627/20230627_221000.WAV","J2",2023-06-27 22:10:00,"22:10:00"
"423","20230627_222000.WAV",1.28624836796464,25.3299762314159,-0.784938956116652,"D:/AudioMoth_data/Week_starting_230703/J2/20230627/20230627_222000.WAV","J2",2023-06-27 22:20:00,"22:20:00"
"424","20230627_223000.WAV",1.44673070000723,25.348763772257,-0.796914862700358,"D:/AudioMoth_data/Week_starting_230703/J2/20230627/20230627_223000.WAV","J2",2023-06-27 22:30:00,"22:30:00"
"425","20230627_224000.WAV",1.44727626613167,25.2540480491002,-0.78774778287572,"D:/AudioMoth_data/Week_starting_230703/J2/20230627/20230627_224000.WAV","J2",2023-06-27 22:40:00,"22:40:00"
"426","20230627_225000.WAV",1.0950308416695,25.2142520856878,-0.807419124300746,"D:/AudioMoth_data/Week_starting_230703/J2/20230627/20230627_225000.WAV","J2",2023-06-27 22:50:00,"22:50:00"
"427","20230627_230000.WAV",1.57838910616838,25.2082665718932,-0.808670788720234,"D:/AudioMoth_data/Week_starting_230703/J2/20230627/20230627_230000.WAV","J2",2023-06-27 23:00:00,"23:00:00"
"428","20230627_231000.WAV",1.50450274398649,25.3682151907865,-0.77392388485237,"D:/AudioMoth_data/Week_starting_230703/J2/20230627/20230627_231000.WAV","J2",2023-06-27 23:10:00,"23:10:00"
"429","20230627_232000.WAV",1.15528559660117,25.263149404029,-0.802535322616615,"D:/AudioMoth_data/Week_starting_230703/J2/20230627/20230627_232000.WAV","J2",2023-06-27 23:20:00,"23:20:00"
"430","20230627_233000.WAV",1.38068561150138,25.2897270698988,-0.811178407405506,"D:/AudioMoth_data/Week_starting_230703/J2/20230627/20230627_233000.WAV","J2",2023-06-27 23:30:00,"23:30:00"
"431","20230627_234000.WAV",1.1128608574881,25.3229352678598,-0.791369214880709,"D:/AudioMoth_data/Week_starting_230703/J2/20230627/20230627_234000.WAV","J2",2023-06-27 23:40:00,"23:40:00"
"432","20230627_235000.WAV",1.69275412329507,25.252513279988,-0.826210189079248,"D:/AudioMoth_data/Week_starting_230703/J2/20230627/20230627_235000.WAV","J2",2023-06-27 23:50:00,"23:50:00"
